hsigmaC
100.900000
200
300
304.630000 -230233.770555
305.030000 -228834.214977
305.430000 -227411.183841
305.830000 -225964.774528
306.230000 -224495.284992
306.630000 -223003.083800
307.030000 -221488.479177
307.430000 -219951.588059
307.830000 -218392.205141
308.230000 -216809.671927
308.630000 -215202.745780
309.030000 -213569.468972
309.430000 -211907.037731
309.830000 -210211.671296
310.230000 -208478.481216
310.630000 -206701.378471
311.030000 -204873.207945
311.430000 -202986.081060
311.830000 -201031.731926
312.230000 -199001.873556
312.630000 -196888.554068
313.030000 -194684.512899
313.430000 -192383.537010
313.830000 -189980.817098
314.230000 -187473.303800
314.630000 -184860.063909
315.030000 -182142.636576
315.430000 -179325.379833
315.830000 -176415.615667
316.230000 -173423.331995
316.630000 -170360.733685
317.030000 -167241.789011
317.430000 -164081.776108
317.830000 -160896.829422
318.230000 -157703.486162
318.630000 -154518.232758
319.030000 -151357.051312
319.430000 -148234.966047
319.830000 -145165.589767
320.230000 -142160.670660
320.630000 -139229.691621
321.030000 -136379.785303
321.430000 -133615.924369
321.830000 -130941.144402
322.230000 -128356.766889
322.630000 -125862.622212
323.030000 -123457.272634
323.430000 -121138.235285
323.830000 -118902.205151
324.230000 -116745.278061
324.630000 -114663.173673
325.030000 -112651.458465
325.430000 -110705.765914
325.830000 -108821.958435
326.230000 -106996.161181
326.630000 -105224.752187
327.030000 -103504.351204
327.430000 -101831.808526
327.830000 -100204.193814
328.230000 -98618.784927
328.630000 -97073.056751
329.030000 -95564.670024
329.430000 -94091.460166
329.830000 -92651.426107
330.230000 -91242.719113
330.630000 -89863.631814
331.030000 -88512.588393
331.430000 -87188.135793
331.830000 -85888.935050
332.230000 -84613.752618
332.630000 -83361.451703
333.030000 -82130.983592
333.430000 -80921.378979
333.830000 -79731.739299
334.230000 -78561.228057
334.630000 -77409.062154
335.030000 -76274.503222
335.430000 -75156.849049
335.830000 -74055.427051
336.230000 -72969.592245
336.630000 -71898.726750
337.030000 -70842.239337
337.430000 -69799.564976
337.830000 -68770.164389
338.230000 -67753.523593
338.630000 -66749.153457
339.030000 -65756.589244
339.430000 -64775.390162
339.830000 -63805.138917
340.230000 -62845.441256
340.630000 -61895.925453
341.030000 -60956.241389
341.430000 -60026.059294
341.830000 -59105.068432
342.230000 -58192.975806
342.630000 -57289.504844
343.030000 -56394.394098
343.430000 -55507.395937
343.830000 -54628.275241
344.230000 -53756.808097
344.630000 -52892.780491
345.030000 -52035.987005
345.430000 -51186.229523
345.830000 -50343.316241
346.230000 -49507.061327
346.630000 -48677.284806
347.030000 -47853.812451
347.430000 -47036.475681
347.830000 -46225.111445
348.230000 -45419.562121
348.630000 -44619.675401
349.030000 -43825.304191
349.430000 -43036.306498
349.830000 -42252.545323
350.230000 -41473.888552
350.630000 -40700.208849
351.030000 -39931.383525
351.430000 -39167.294396
351.830000 -38407.827643
352.230000 -37652.873662
352.630000 -36902.326926
353.030000 -36156.085837
353.430000 -35414.052585
353.830000 -34676.133003
354.230000 -33942.236423
354.630000 -33212.275531
355.030000 -32486.166226
355.430000 -31763.827475
355.830000 -31045.181167
356.230000 -30330.151972
356.630000 -29618.667198
357.030000 -28910.656641
357.430000 -28206.052450
357.830000 -27504.788975
358.230000 -26806.802630
358.630000 -26112.031743
359.030000 -25420.416417
359.430000 -24731.898384
359.830000 -24046.420861
360.230000 -23363.928406
360.630000 -22684.366788
361.030000 -22007.682906
361.430000 -21333.824775
361.830000 -20662.741507
362.230000 -19994.383298
362.630000 -19328.701410
363.030000 -18665.648160
363.430000 -18005.176903
363.830000 -17347.242016
364.230000 -16691.798885
364.630000 -16038.803889
365.030000 -15388.214384
365.430000 -14739.988692
365.830000 -14094.086079
366.230000 -13450.466748
366.630000 -12809.091818
367.030000 -12169.923312
367.430000 -11532.924141
367.830000 -10898.058089
368.230000 -10265.289799
368.630000 -9634.584756
369.030000 -9005.909275
369.430000 -8379.230482
369.830000 -7754.516303
370.230000 -7131.735446
370.630000 -6510.857389
371.030000 -5891.852358
371.430000 -5274.691310
371.830000 -4659.345912
372.230000 -4045.788519
372.630000 -3433.992158
373.030000 -2823.930504
373.430000 -2215.577863
373.830000 -1608.909146
374.230000 -1003.899858
374.630000 -400.526068
375.030000 201.235604
375.430000 801.408011
375.830000 1400.013496
376.230000 1997.073917
376.630000 2592.610663
377.030000 3186.644675
377.430000 3779.196466
377.830000 4370.286145
378.230000 4959.933432
378.630000 5548.157679
379.030000 6134.977895
379.430000 6720.412760
379.830000 7304.480648
380.230000 7887.199647
380.630000 8468.587581
381.030000 9048.662011
381.430000 9627.440248
381.830000 10204.939346
382.230000 10781.176107
382.630000 11356.167082
383.030000 11929.928572
383.430000 12502.476628
383.830000 13073.827055
384.230000 13643.995410
384.630000 14212.997006
385.030000 14780.846912
385.430000 15347.559953
385.830000 15913.150715
386.230000 16477.633541
386.630000 17041.022539
387.030000 17603.331575
387.430000 18164.574283
387.830000 18724.764058
388.230000 19283.914064
388.630000 19842.037232
389.030000 20399.146259
389.430000 20955.253617
389.830000 21510.371544
390.230000 22064.512055
390.630000 22617.686935
391.030000 23169.907749
391.430000 23721.185847
391.830000 24271.532365
392.230000 24820.958236
392.630000 25369.474195
393.030000 25917.090782
393.430000 26463.818350
393.830000 27009.667072
394.230000 27554.646944
394.630000 28098.767793
395.030000 28642.039282
395.430000 29184.470916
395.830000 29726.072048
396.230000 30266.851884
396.630000 30806.819491
397.030000 31345.983800
397.430000 31884.353614
397.830000 32421.937613
398.230000 32958.744359
398.630000 33494.782305
399.030000 34030.059796
399.430000 34564.585080
399.830000 35098.366309
400.230000 35631.411550
400.630000 36163.728784
401.030000 36695.325915
401.430000 37226.210765
401.830000 37756.391073
402.230000 38285.874497
402.630000 38814.668610
403.030000 39342.780900
403.430000 39870.218772
403.830000 40396.989542
404.230000 40923.100439
404.630000 41448.558605
405.030000 41973.371092
405.430000 42497.544860
405.830000 43021.086781
406.230000 43544.003633
406.630000 44066.302103
407.030000 44587.988780
407.430000 45109.070163
407.830000 45629.552653
408.230000 46149.442553
408.630000 46668.746071
409.030000 47187.469315
409.430000 47705.618294
409.830000 48223.198916
410.230000 48740.216989
410.630000 49256.678217
411.030000 49772.588207
411.430000 50287.952467
411.830000 50802.776413
412.230000 51317.065375
412.630000 51830.824598
413.030000 52344.059245
413.430000 52856.774406
413.830000 53368.975097
414.230000 53880.666268
414.630000 54391.852803
415.030000 54902.539528
415.430000 55412.731213
415.830000 55922.432577
416.230000 56431.648289
416.630000 56940.382978
417.030000 57448.641231
417.430000 57956.427601
417.830000 58463.746608
418.230000 58970.602748
418.630000 59477.000491
419.030000 59982.944288
419.430000 60488.438577
419.830000 60993.487782
420.230000 61498.096324
420.630000 62002.268616
421.030000 62506.009070
421.430000 63009.322089
421.830000 63512.212060
422.230000 64014.683354
422.630000 64516.740318
423.030000 65018.387273
423.430000 65519.628504
423.830000 66020.468260
424.230000 66520.910749
