rhoaw
100.900000
95
200
304.630000 944.101799
305.330000 944.417763
306.030000 944.727168
306.730000 945.030226
307.430000 945.327154
308.130000 945.618171
308.830000 945.903497
309.530000 946.183358
310.230000 946.457982
310.930000 946.727594
311.630000 946.992446
312.330000 947.252768
313.030000 947.508799
313.730000 947.760773
314.430000 948.008919
315.130000 948.253449
315.830000 948.494549
316.530000 948.732365
317.230000 948.966990
317.930000 949.198446
318.630000 949.426677
319.330000 949.651533
320.030000 949.872809
320.730000 950.090210
321.430000 950.303408
322.130000 950.512052
322.830000 950.715795
323.530000 950.914302
324.230000 951.107267
324.930000 951.294416
325.630000 951.475510
326.330000 951.650343
327.030000 951.818743
327.730000 951.980568
328.430000 952.135695
329.130000 952.284048
329.830000 952.425548
330.530000 952.560145
331.230000 952.687803
331.930000 952.808500
332.630000 952.922227
333.330000 953.028987
334.030000 953.128788
334.730000 953.221649
335.430000 953.307596
336.130000 953.386657
336.830000 953.458869
337.530000 953.524270
338.230000 953.582897
338.930000 953.634808
339.630000 953.680045
340.330000 953.718656
341.030000 953.750694
341.730000 953.776210
342.430000 953.795259
343.130000 953.807894
343.830000 953.814171
344.530000 953.814142
345.230000 953.807865
345.930000 953.795392
346.630000 953.776780
347.330000 953.752082
348.030000 953.721352
348.730000 953.684644
349.430000 953.642010
350.130000 953.593503
350.830000 953.539169
351.530000 953.479070
352.230000 953.413250
352.930000 953.341758
353.630000 953.264642
354.330000 953.181951
355.030000 953.093731
355.730000 953.000027
356.430000 952.900885
357.130000 952.796349
357.830000 952.686461
358.530000 952.571264
359.230000 952.450800
359.930000 952.325107
360.630000 952.194227
361.330000 952.058191
362.030000 951.917050
362.730000 951.770833
363.430000 951.619576
364.130000 951.463314
364.830000 951.302083
365.530000 951.135913
366.230000 950.964840
366.930000 950.788892
367.630000 950.608102
368.330000 950.422500
369.030000 950.232114
369.730000 950.036973
370.430000 949.837103
371.130000 949.632533
371.830000 949.423288
372.530000 949.209384
373.230000 948.990792
373.930000 948.767743
374.630000 948.540043
375.330000 948.307787
376.030000 948.070997
376.730000 947.829693
377.430000 947.583896
378.130000 947.333626
378.830000 947.078902
379.530000 946.819742
380.230000 946.556163
380.930000 946.288189
381.630000 946.015825
382.330000 945.739093
383.030000 945.458009
383.730000 945.172587
384.430000 944.882841
385.130000 944.588786
385.830000 944.290434
386.530000 943.987799
387.230000 943.680892
387.930000 943.369725
388.630000 943.054310
389.330000 942.734657
390.030000 942.410776
390.730000 942.082678
391.430000 941.750371
392.130000 941.413864
392.830000 941.073166
393.530000 940.728284
394.230000 940.379227
394.930000 940.026001
395.630000 939.668613
396.330000 939.307069
397.030000 938.941376
397.730000 938.571538
398.430000 938.197560
399.130000 937.819448
399.830000 937.437206
400.530000 937.050837
401.230000 936.660346
401.930000 936.265735
402.630000 935.867007
403.330000 935.464165
404.030000 935.057211
404.730000 934.646147
405.430000 934.230974
406.130000 933.811693
406.830000 933.388306
407.530000 932.960813
408.230000 932.529214
408.930000 932.093508
409.630000 931.653696
410.330000 931.209778
411.030000 930.761750
411.730000 930.309614
412.430000 929.853366
413.130000 929.393006
413.830000 928.928530
414.530000 928.459937
415.230000 927.987224
415.930000 927.510388
416.630000 927.029425
417.330000 926.544332
418.030000 926.055106
418.730000 925.561742
419.430000 925.064236
420.130000 924.562583
420.830000 924.056779
421.530000 923.546819
422.230000 923.032697
422.930000 922.514407
423.630000 921.991945
424.330000 921.465304
425.030000 920.934478
425.730000 920.399460
426.430000 919.860244
427.130000 919.316822
427.830000 918.769188
428.530000 918.217334
429.230000 917.661253
429.930000 917.100936
430.630000 916.536376
431.330000 915.967564
432.030000 915.394492
432.730000 914.817151
433.430000 914.235533
434.130000 913.649627
434.830000 913.059425
435.530000 912.464917
436.230000 911.866093
436.930000 911.262944
437.630000 910.655459
438.330000 910.043627
439.030000 909.427439
439.730000 908.806882
440.430000 908.181947
441.130000 907.552621
441.830000 906.918894
442.530000 906.280754
443.230000 905.638188
443.930000 904.991186
