rhoac
100.900000
115
140
304.630000 68.206955
305.630000 67.224947
306.630000 66.258074
307.630000 65.305425
308.630000 64.366081
309.630000 63.439110
310.630000 62.523564
311.630000 61.618488
312.630000 60.722889
313.630000 59.835805
314.630000 58.956302
315.630000 58.083529
316.630000 57.216805
317.630000 56.355727
318.630000 55.500280
319.630000 54.650906
320.630000 53.808441
321.630000 52.974043
322.630000 52.148988
323.630000 51.334516
324.630000 50.531737
325.630000 49.741576
326.630000 48.964768
327.630000 48.201866
328.630000 47.453275
329.630000 46.719237
330.630000 45.999909
331.630000 45.295349
332.630000 44.605536
333.630000 43.930392
334.630000 43.269788
335.630000 42.623558
336.630000 41.991504
337.630000 41.373404
338.630000 40.769025
339.630000 40.178099
340.630000 39.600367
341.630000 39.035560
342.630000 38.483400
343.630000 37.943606
344.630000 37.415900
345.630000 36.900000
346.630000 36.395628
347.630000 35.902508
348.630000 35.420365
349.630000 34.948932
350.630000 34.487942
351.630000 34.037142
352.630000 33.596262
353.630000 33.165059
354.630000 32.743288
355.630000 32.330710
356.630000 31.927090
357.630000 31.532200
358.630000 31.145816
359.630000 30.767721
360.630000 30.397703
361.630000 30.035561
362.630000 29.681082
363.630000 29.334077
364.630000 28.994355
365.630000 28.661730
366.630000 28.336021
367.630000 28.017053
368.630000 27.704654
369.630000 27.398659
370.630000 27.098906
371.630000 26.805237
372.630000 26.517510
373.630000 26.235554
374.630000 25.959235
375.630000 25.688413
376.630000 25.422952
377.630000 25.162717
378.630000 24.907579
379.630000 24.657413
380.630000 24.412091
381.630000 24.171503
382.630000 23.935529
383.630000 23.704056
384.630000 23.476973
385.630000 23.254173
386.630000 23.035553
387.630000 22.821012
388.630000 22.610449
389.630000 22.403770
390.630000 22.200882
391.630000 22.001692
392.630000 21.806112
393.630000 21.614056
394.630000 21.425439
395.630000 21.240179
396.630000 21.058196
397.630000 20.879412
398.630000 20.703752
399.630000 20.531140
400.630000 20.361504
401.630000 20.194774
402.630000 20.030881
403.630000 19.869758
404.630000 19.711338
405.630000 19.555559
406.630000 19.402357
407.630000 19.251671
408.630000 19.103441
409.630000 18.957610
410.630000 18.814119
411.630000 18.672914
412.630000 18.533940
413.630000 18.397144
414.630000 18.262473
415.630000 18.129876
416.630000 17.999304
417.630000 17.870708
418.630000 17.744040
419.630000 17.619252
420.630000 17.496300
421.630000 17.375138
422.630000 17.255722
423.630000 17.138008
424.630000 17.021956
425.630000 16.907522
426.630000 16.794667
427.630000 16.683350
428.630000 16.573532
429.630000 16.465175
430.630000 16.358241
431.630000 16.252692
432.630000 16.148492
433.630000 16.045605
434.630000 15.943997
435.630000 15.843631
436.630000 15.744475
437.630000 15.646494
438.630000 15.549657
439.630000 15.453929
440.630000 15.359279
441.630000 15.265676
442.630000 15.173089
443.630000 15.081487
