rhosigmac
100.900000
200
300
304.630000 711.088681
305.030000 705.864202
305.430000 700.561880
305.830000 695.179012
306.230000 689.712781
306.630000 684.160254
307.030000 678.518385
307.430000 672.784013
307.830000 666.953871
308.230000 661.024591
308.630000 654.992719
309.030000 648.854728
309.430000 642.607049
309.830000 636.246096
310.230000 629.768312
310.630000 623.170224
311.030000 616.448514
311.430000 609.600109
311.830000 602.622293
312.230000 595.512847
312.630000 588.270223
313.030000 580.893747
313.430000 573.383865
313.830000 565.742431
314.230000 557.973026
314.630000 550.081315
315.030000 542.075416
315.430000 533.966269
315.830000 525.767960
316.230000 517.497962
316.630000 509.177242
317.030000 500.830171
317.430000 492.484191
317.830000 484.169214
318.230000 475.916753
318.630000 467.758834
319.030000 459.726788
319.430000 451.850024
319.830000 444.154940
320.230000 436.664056
320.630000 429.395464
321.030000 422.362602
321.430000 415.574339
321.830000 409.035301
322.230000 402.746368
322.630000 396.705263
323.030000 390.907163
323.430000 385.345296
323.830000 380.011464
324.230000 374.896512
324.630000 369.990703
325.030000 365.284021
325.430000 360.766414
325.830000 356.427965
326.230000 352.259023
326.630000 348.250288
327.030000 344.392873
327.430000 340.678333
327.830000 337.098684
328.230000 333.646401
328.630000 330.314414
329.030000 327.096093
329.430000 323.985229
329.830000 320.976015
330.230000 318.063021
330.630000 315.241173
331.030000 312.505730
331.430000 309.852263
331.830000 307.276630
332.230000 304.774960
332.630000 302.343631
333.030000 299.979252
333.430000 297.678649
333.830000 295.438845
334.230000 293.257049
334.630000 291.130643
335.030000 289.057165
335.430000 287.034302
335.830000 285.059877
336.230000 283.131843
336.630000 281.248267
337.030000 279.407329
337.430000 277.607310
337.830000 275.846586
338.230000 274.123623
338.630000 272.436968
339.030000 270.785246
339.430000 269.167156
339.830000 267.581460
340.230000 266.026988
340.630000 264.502625
341.030000 263.007314
341.430000 261.540049
341.830000 260.099872
342.230000 258.685871
342.630000 257.297177
343.030000 255.932962
343.430000 254.592436
343.830000 253.274844
344.230000 251.979465
344.630000 250.705610
345.030000 249.452619
345.430000 248.219862
345.830000 247.006735
346.230000 245.812659
346.630000 244.637080
347.030000 243.479466
347.430000 242.339307
347.830000 241.216112
348.230000 240.109410
348.630000 239.018751
349.030000 237.943698
349.430000 236.883833
349.830000 235.838754
350.230000 234.808074
350.630000 233.791420
351.030000 232.788430
351.430000 231.798761
351.830000 230.822075
352.230000 229.858052
352.630000 228.906380
353.030000 227.966759
353.430000 227.038898
353.830000 226.122516
354.230000 225.217343
354.630000 224.323116
355.030000 223.439583
355.430000 222.566497
355.830000 221.703620
356.230000 220.850724
356.630000 220.007586
357.030000 219.173989
357.430000 218.349724
357.830000 217.534589
358.230000 216.728387
358.630000 215.930927
359.030000 215.142024
359.430000 214.361499
359.830000 213.589177
360.230000 212.824888
360.630000 212.068468
361.030000 211.319757
361.430000 210.578599
361.830000 209.844844
362.230000 209.118344
362.630000 208.398957
363.030000 207.686542
363.430000 206.980966
363.830000 206.282095
364.230000 205.589802
364.630000 204.903962
365.030000 204.224452
365.430000 203.551155
365.830000 202.883954
366.230000 202.222737
366.630000 201.567394
367.030000 200.917818
367.430000 200.273904
367.830000 199.635550
368.230000 199.002656
368.630000 198.375126
369.030000 197.752865
369.430000 197.135779
369.830000 196.523779
370.230000 195.916776
370.630000 195.314684
371.030000 194.717419
371.430000 194.124897
371.830000 193.537039
372.230000 192.953765
372.630000 192.374999
373.030000 191.800662
373.430000 191.230686
373.830000 190.665000
374.230000 190.103527
374.630000 189.546200
375.030000 188.992952
375.430000 188.443717
375.830000 187.898430
376.230000 187.357027
376.630000 186.819446
377.030000 186.285627
377.430000 185.755509
377.830000 185.229034
378.230000 184.706145
378.630000 184.186785
379.030000 183.670899
379.430000 183.158434
379.830000 182.649336
380.230000 182.143553
380.630000 181.641035
381.030000 181.141731
381.430000 180.645592
381.830000 180.152569
382.230000 179.662616
382.630000 179.175687
383.030000 178.691735
383.430000 178.210715
383.830000 177.732585
384.230000 177.257300
384.630000 176.784818
385.030000 176.315098
385.430000 175.848099
385.830000 175.383779
386.230000 174.922101
386.630000 174.463025
387.030000 174.006512
387.430000 173.552526
387.830000 173.101028
388.230000 172.651984
388.630000 172.205357
389.030000 171.761112
389.430000 171.319215
389.830000 170.879631
390.230000 170.442327
390.630000 170.007270
391.030000 169.574428
391.430000 169.143768
391.830000 168.715261
392.230000 168.288873
392.630000 167.864576
393.030000 167.442339
393.430000 167.022133
393.830000 166.603928
394.230000 166.187696
394.630000 165.773409
395.030000 165.361039
395.430000 164.950559
395.830000 164.541941
396.230000 164.135160
396.630000 163.730188
397.030000 163.327000
397.430000 162.925572
397.830000 162.525876
398.230000 162.127890
398.630000 161.731588
399.030000 161.336946
399.430000 160.943942
399.830000 160.552550
400.230000 160.162749
400.630000 159.774516
401.030000 159.387827
401.430000 159.002662
401.830000 158.618997
402.230000 158.236812
402.630000 157.856086
403.030000 157.476797
403.430000 157.098924
403.830000 156.722448
404.230000 156.347348
404.630000 155.973603
405.030000 155.601196
405.430000 155.230105
405.830000 154.860311
406.230000 154.491797
406.630000 154.124543
407.030000 153.758530
407.430000 153.393741
407.830000 153.030158
408.230000 152.667762
408.630000 152.306536
409.030000 151.946463
409.430000 151.587525
409.830000 151.229707
410.230000 150.872990
410.630000 150.517358
411.030000 150.162795
411.430000 149.809285
411.830000 149.456812
412.230000 149.105360
412.630000 148.754913
413.030000 148.405457
413.430000 148.056975
413.830000 147.709453
414.230000 147.362876
414.630000 147.017229
415.030000 146.672498
415.430000 146.328668
415.830000 145.985724
416.230000 145.643654
416.630000 145.302442
417.030000 144.962076
417.430000 144.622542
417.830000 144.283825
418.230000 143.945914
418.630000 143.608794
419.030000 143.272452
419.430000 142.936877
419.830000 142.602055
420.230000 142.267973
420.630000 141.934619
421.030000 141.601981
421.430000 141.270046
421.830000 140.938803
422.230000 140.608240
422.630000 140.278344
423.030000 139.949105
423.430000 139.620510
423.830000 139.292548
424.230000 138.965208
