rhosigmaw
100.900000
100
1000
278.220000 1.679468
278.320000 1.678087
278.420000 1.676706
278.520000 1.675324
278.620000 1.673942
278.720000 1.672559
278.820000 1.671176
278.920000 1.669793
279.020000 1.668409
279.120000 1.667025
279.220000 1.665641
279.320000 1.664256
279.420000 1.662870
279.520000 1.661484
279.620000 1.660097
279.720000 1.658710
279.820000 1.657323
279.920000 1.655934
280.020000 1.654546
280.120000 1.653156
280.220000 1.651766
280.320000 1.650376
280.420000 1.648984
280.520000 1.647592
280.620000 1.646199
280.720000 1.644806
280.820000 1.643412
280.920000 1.642017
281.020000 1.640621
281.120000 1.639225
281.220000 1.637827
281.320000 1.636429
281.420000 1.635030
281.520000 1.633630
281.620000 1.632229
281.720000 1.630827
281.820000 1.629425
281.920000 1.628021
282.020000 1.626617
282.120000 1.625211
282.220000 1.623804
282.320000 1.622397
282.420000 1.620988
282.520000 1.619578
282.620000 1.618167
282.720000 1.616755
282.820000 1.615342
282.920000 1.613928
283.020000 1.612513
283.120000 1.611096
283.220000 1.609678
283.320000 1.608259
283.420000 1.606838
283.520000 1.605417
283.620000 1.603994
283.720000 1.602569
283.820000 1.601144
283.920000 1.599717
284.020000 1.598288
284.120000 1.596858
284.220000 1.595427
284.320000 1.593994
284.420000 1.592560
284.520000 1.591124
284.620000 1.589687
284.720000 1.588248
284.820000 1.586808
284.920000 1.585366
285.020000 1.583922
285.120000 1.582477
285.220000 1.581030
285.320000 1.579581
285.420000 1.578131
285.520000 1.576679
285.620000 1.575225
285.720000 1.573770
285.820000 1.572312
285.920000 1.570853
286.020000 1.569392
286.120000 1.567929
286.220000 1.566464
286.320000 1.564997
286.420000 1.563528
286.520000 1.562057
286.620000 1.560585
286.720000 1.559110
286.820000 1.557633
286.920000 1.556154
287.020000 1.554673
287.120000 1.553190
287.220000 1.551704
287.320000 1.550217
287.420000 1.548727
287.520000 1.547235
287.620000 1.545741
287.720000 1.544244
287.820000 1.542745
287.920000 1.541244
288.020000 1.539741
288.120000 1.538235
288.220000 1.536726
288.320000 1.535215
288.420000 1.533702
288.520000 1.532186
288.620000 1.530668
288.720000 1.529147
288.820000 1.527623
288.920000 1.526097
289.020000 1.524568
289.120000 1.523037
289.220000 1.521502
289.320000 1.519965
289.420000 1.518426
289.520000 1.516883
289.620000 1.515338
289.720000 1.513790
289.820000 1.512238
289.920000 1.510684
290.020000 1.509127
290.120000 1.507567
290.220000 1.506004
290.320000 1.504438
290.420000 1.502869
290.520000 1.501297
290.620000 1.499722
290.720000 1.498143
290.820000 1.496561
290.920000 1.494976
291.020000 1.493388
291.120000 1.491796
291.220000 1.490201
291.320000 1.488603
291.420000 1.487002
291.520000 1.485396
291.620000 1.483788
291.720000 1.482176
291.820000 1.480560
291.920000 1.478941
292.020000 1.477318
292.120000 1.475692
292.220000 1.474061
292.320000 1.472428
292.420000 1.470790
292.520000 1.469148
292.620000 1.467503
292.720000 1.465854
292.820000 1.464201
292.920000 1.462544
293.020000 1.460883
293.120000 1.459218
293.220000 1.457549
293.320000 1.455876
293.420000 1.454199
293.520000 1.452518
293.620000 1.450832
293.720000 1.449142
293.820000 1.447448
293.920000 1.445750
294.020000 1.444047
294.120000 1.442340
294.220000 1.440628
294.320000 1.438912
294.420000 1.437191
294.520000 1.435466
294.620000 1.433736
294.720000 1.432002
294.820000 1.430262
294.920000 1.428518
295.020000 1.426770
295.120000 1.425016
295.220000 1.423258
295.320000 1.421494
295.420000 1.419726
295.520000 1.417952
295.620000 1.416174
295.720000 1.414390
295.820000 1.412602
295.920000 1.410808
296.020000 1.409009
296.120000 1.407204
296.220000 1.405395
296.320000 1.403580
296.420000 1.401759
296.520000 1.399933
296.620000 1.398101
296.720000 1.396264
296.820000 1.394422
296.920000 1.392573
297.020000 1.390719
297.120000 1.388859
297.220000 1.386993
297.320000 1.385121
297.420000 1.383244
297.520000 1.381360
297.620000 1.379470
297.720000 1.377575
297.820000 1.375673
297.920000 1.373765
298.020000 1.371850
298.120000 1.369929
298.220000 1.368002
298.320000 1.366069
298.420000 1.364129
298.520000 1.362182
298.620000 1.360229
298.720000 1.358269
298.820000 1.356303
298.920000 1.354329
299.020000 1.352349
299.120000 1.350362
299.220000 1.348368
299.320000 1.346367
299.420000 1.344359
299.520000 1.342344
299.620000 1.340321
299.720000 1.338291
299.820000 1.336254
299.920000 1.334210
300.020000 1.332158
300.120000 1.330098
300.220000 1.328031
300.320000 1.325956
300.420000 1.323874
300.520000 1.321783
300.620000 1.319685
300.720000 1.317579
300.820000 1.315465
300.920000 1.313343
301.020000 1.311212
301.120000 1.309074
301.220000 1.306927
301.320000 1.304772
301.420000 1.302608
301.520000 1.300436
301.620000 1.298255
301.720000 1.296066
301.820000 1.293868
301.920000 1.291661
302.020000 1.289445
302.120000 1.287220
302.220000 1.284986
302.320000 1.282743
302.420000 1.280491
302.520000 1.278230
302.620000 1.275959
302.720000 1.273678
302.820000 1.271389
302.920000 1.269089
303.020000 1.266780
303.120000 1.264461
303.220000 1.262133
303.320000 1.259794
303.420000 1.257445
303.520000 1.255087
303.620000 1.252718
303.720000 1.250338
303.820000 1.247949
303.920000 1.245549
304.020000 1.243138
304.120000 1.240717
304.220000 1.238285
304.320000 1.235842
304.420000 1.233388
304.520000 1.230923
304.620000 1.228447
304.720000 1.225960
304.820000 1.223462
304.920000 1.220952
305.020000 1.218431
305.120000 1.215898
305.220000 1.213353
305.320000 1.210797
305.420000 1.208229
305.520000 1.205649
305.620000 1.203056
305.720000 1.200452
305.820000 1.197835
305.920000 1.195206
306.020000 1.192565
306.120000 1.189911
306.220000 1.187244
306.320000 1.184564
306.420000 1.181872
306.520000 1.179167
306.620000 1.176448
306.720000 1.173716
306.820000 1.170971
306.920000 1.168213
307.020000 1.165441
307.120000 1.162656
307.220000 1.159856
307.320000 1.157043
307.420000 1.154216
307.520000 1.151375
307.620000 1.148520
307.720000 1.145651
307.820000 1.142767
307.920000 1.139869
308.020000 1.136957
308.120000 1.134029
308.220000 1.131087
308.320000 1.128131
308.420000 1.125159
308.520000 1.122172
308.620000 1.119170
308.720000 1.116153
308.820000 1.113120
308.920000 1.110072
309.020000 1.107009
309.120000 1.103930
309.220000 1.100835
309.320000 1.097724
309.420000 1.094598
309.520000 1.091455
309.620000 1.088297
309.720000 1.085122
309.820000 1.081931
309.920000 1.078724
310.020000 1.075501
310.120000 1.072261
310.220000 1.069004
310.320000 1.065732
310.420000 1.062442
310.520000 1.059136
310.620000 1.055813
310.720000 1.052473
310.820000 1.049117
310.920000 1.045744
311.020000 1.042354
311.120000 1.038947
311.220000 1.035523
311.320000 1.032083
311.420000 1.028625
311.520000 1.025151
311.620000 1.021660
311.720000 1.018152
311.820000 1.014627
311.920000 1.011086
312.020000 1.007528
312.120000 1.003953
312.220000 1.000361
312.320000 0.996754
312.420000 0.993129
312.520000 0.989489
312.620000 0.985832
312.720000 0.982160
312.820000 0.978472
312.920000 0.974768
313.020000 0.971048
313.120000 0.967313
313.220000 0.963564
313.320000 0.959799
313.420000 0.956020
313.520000 0.952227
313.620000 0.948419
313.720000 0.944598
313.820000 0.940764
313.920000 0.936916
314.020000 0.933057
314.120000 0.929185
314.220000 0.925301
314.320000 0.921406
314.420000 0.917500
314.520000 0.913584
314.620000 0.909659
314.720000 0.905724
314.820000 0.901781
314.920000 0.897830
315.020000 0.893871
315.120000 0.889906
315.220000 0.885936
315.320000 0.881960
315.420000 0.877980
315.520000 0.873997
315.620000 0.870010
315.720000 0.866023
315.820000 0.862034
315.920000 0.858046
316.020000 0.854058
316.120000 0.850073
316.220000 0.846091
316.320000 0.842113
316.420000 0.838140
316.520000 0.834174
316.620000 0.830216
316.720000 0.826266
316.820000 0.822325
316.920000 0.818396
317.020000 0.814480
317.120000 0.810576
317.220000 0.806688
317.320000 0.802815
317.420000 0.798960
317.520000 0.795123
317.620000 0.791306
317.720000 0.787510
317.820000 0.783737
317.920000 0.779987
318.020000 0.776262
318.120000 0.772562
318.220000 0.768890
318.320000 0.765247
318.420000 0.761633
318.520000 0.758050
318.620000 0.754499
318.720000 0.750981
318.820000 0.747497
318.920000 0.744047
319.020000 0.740634
319.120000 0.737258
319.220000 0.733920
319.320000 0.730620
319.420000 0.727360
319.520000 0.724140
319.620000 0.720962
319.720000 0.717824
319.820000 0.714729
319.920000 0.711677
320.020000 0.708668
320.120000 0.705703
320.220000 0.702782
320.320000 0.699905
320.420000 0.697074
320.520000 0.694287
320.620000 0.691546
320.720000 0.688850
320.820000 0.686199
320.920000 0.683595
321.020000 0.681035
321.120000 0.678522
321.220000 0.676054
321.320000 0.673632
321.420000 0.671254
321.520000 0.668923
321.620000 0.666636
321.720000 0.664394
321.820000 0.662196
321.920000 0.660043
322.020000 0.657933
322.120000 0.655868
322.220000 0.653845
322.320000 0.651865
322.420000 0.649928
322.520000 0.648033
322.620000 0.646180
322.720000 0.644368
322.820000 0.642596
322.920000 0.640865
323.020000 0.639174
323.120000 0.637522
323.220000 0.635909
323.320000 0.634335
323.420000 0.632798
323.520000 0.631299
323.620000 0.629836
323.720000 0.628411
323.820000 0.627021
323.920000 0.625666
324.020000 0.624346
324.120000 0.623061
324.220000 0.621810
324.320000 0.620592
324.420000 0.619407
324.520000 0.618254
324.620000 0.617133
324.720000 0.616044
324.820000 0.614986
324.920000 0.613958
325.020000 0.612960
325.120000 0.611992
325.220000 0.611053
325.320000 0.610142
325.420000 0.609260
325.520000 0.608405
325.620000 0.607578
325.720000 0.606777
325.820000 0.606004
325.920000 0.605256
326.020000 0.604533
326.120000 0.603836
326.220000 0.603164
326.320000 0.602517
326.420000 0.601893
326.520000 0.601293
326.620000 0.600717
326.720000 0.600163
326.820000 0.599632
326.920000 0.599123
327.020000 0.598637
327.120000 0.598172
327.220000 0.597728
327.320000 0.597305
327.420000 0.596902
327.520000 0.596520
327.620000 0.596158
327.720000 0.595816
327.820000 0.595493
327.920000 0.595190
328.020000 0.594905
328.120000 0.594638
328.220000 0.594390
328.320000 0.594160
328.420000 0.593948
328.520000 0.593754
328.620000 0.593576
328.720000 0.593416
328.820000 0.593272
328.920000 0.593146
329.020000 0.593035
329.120000 0.592940
329.220000 0.592862
329.320000 0.592799
329.420000 0.592751
329.520000 0.592719
329.620000 0.592702
329.720000 0.592700
329.820000 0.592712
329.920000 0.592739
330.020000 0.592780
330.120000 0.592836
330.220000 0.592905
330.320000 0.592988
330.420000 0.593085
330.520000 0.593195
330.620000 0.593318
330.720000 0.593454
330.820000 0.593603
330.920000 0.593766
331.020000 0.593940
331.120000 0.594127
331.220000 0.594327
331.320000 0.594539
331.420000 0.594763
331.520000 0.594998
331.620000 0.595246
331.720000 0.595505
331.820000 0.595776
331.920000 0.596058
332.020000 0.596351
332.120000 0.596656
332.220000 0.596971
332.320000 0.597298
332.420000 0.597635
332.520000 0.597983
332.620000 0.598342
332.720000 0.598711
332.820000 0.599091
332.920000 0.599481
333.020000 0.599881
333.120000 0.600291
333.220000 0.600711
333.320000 0.601141
333.420000 0.601580
333.520000 0.602030
333.620000 0.602489
333.720000 0.602958
333.820000 0.603436
333.920000 0.603923
334.020000 0.604420
334.120000 0.604926
334.220000 0.605441
334.320000 0.605965
334.420000 0.606498
334.520000 0.607040
334.620000 0.607591
334.720000 0.608150
334.820000 0.608718
334.920000 0.609295
335.020000 0.609881
335.120000 0.610474
335.220000 0.611077
335.320000 0.611687
335.420000 0.612306
335.520000 0.612933
335.620000 0.613568
335.720000 0.614212
335.820000 0.614863
335.920000 0.615522
336.020000 0.616190
336.120000 0.616865
336.220000 0.617548
336.320000 0.618239
336.420000 0.618937
336.520000 0.619643
336.620000 0.620357
336.720000 0.621078
336.820000 0.621807
336.920000 0.622544
337.020000 0.623287
337.120000 0.624039
337.220000 0.624797
337.320000 0.625563
337.420000 0.626336
337.520000 0.627116
337.620000 0.627904
337.720000 0.628698
337.820000 0.629500
337.920000 0.630308
338.020000 0.631124
338.120000 0.631947
338.220000 0.632776
338.320000 0.633613
338.420000 0.634456
338.520000 0.635306
338.620000 0.636163
338.720000 0.637027
338.820000 0.637898
338.920000 0.638775
339.020000 0.639659
339.120000 0.640549
339.220000 0.641446
339.320000 0.642350
339.420000 0.643260
339.520000 0.644177
339.620000 0.645100
339.720000 0.646030
339.820000 0.646966
339.920000 0.647909
340.020000 0.648858
340.120000 0.649813
340.220000 0.650775
340.320000 0.651742
340.420000 0.652717
340.520000 0.653697
340.620000 0.654684
340.720000 0.655677
340.820000 0.656676
340.920000 0.657681
341.020000 0.658693
341.120000 0.659710
341.220000 0.660734
341.320000 0.661764
341.420000 0.662799
341.520000 0.663841
341.620000 0.664889
341.720000 0.665943
341.820000 0.667003
341.920000 0.668069
342.020000 0.669141
342.120000 0.670218
342.220000 0.671302
342.320000 0.672392
342.420000 0.673487
342.520000 0.674588
342.620000 0.675696
342.720000 0.676809
342.820000 0.677928
342.920000 0.679052
343.020000 0.680183
343.120000 0.681319
343.220000 0.682461
343.320000 0.683609
343.420000 0.684762
343.520000 0.685922
343.620000 0.687087
343.720000 0.688257
343.820000 0.689434
343.920000 0.690616
344.020000 0.691804
344.120000 0.692997
344.220000 0.694196
344.320000 0.695401
344.420000 0.696611
344.520000 0.697827
344.620000 0.699049
344.720000 0.700276
344.820000 0.701508
344.920000 0.702747
345.020000 0.703991
345.120000 0.705240
345.220000 0.706495
345.320000 0.707756
345.420000 0.709022
345.520000 0.710293
345.620000 0.711570
345.720000 0.712853
345.820000 0.714141
345.920000 0.715435
346.020000 0.716734
346.120000 0.718038
346.220000 0.719348
346.320000 0.720664
346.420000 0.721985
346.520000 0.723312
346.620000 0.724643
346.720000 0.725981
346.820000 0.727324
346.920000 0.728672
347.020000 0.730026
347.120000 0.731385
347.220000 0.732749
347.320000 0.734119
347.420000 0.735495
347.520000 0.736875
347.620000 0.738261
347.720000 0.739653
347.820000 0.741050
347.920000 0.742452
348.020000 0.743860
348.120000 0.745273
348.220000 0.746692
348.320000 0.748116
348.420000 0.749545
348.520000 0.750980
348.620000 0.752420
348.720000 0.753865
348.820000 0.755316
348.920000 0.756772
349.020000 0.758233
349.120000 0.759700
349.220000 0.761172
349.320000 0.762650
349.420000 0.764133
349.520000 0.765621
349.620000 0.767114
349.720000 0.768613
349.820000 0.770118
349.920000 0.771627
350.020000 0.773142
350.120000 0.774663
350.220000 0.776188
350.320000 0.777719
350.420000 0.779256
350.520000 0.780797
350.620000 0.782344
350.720000 0.783897
350.820000 0.785454
350.920000 0.787017
351.020000 0.788586
351.120000 0.790160
351.220000 0.791739
351.320000 0.793323
351.420000 0.794913
351.520000 0.796508
351.620000 0.798109
351.720000 0.799714
351.820000 0.801325
351.920000 0.802942
352.020000 0.804564
352.120000 0.806191
352.220000 0.807824
352.320000 0.809462
352.420000 0.811105
352.520000 0.812753
352.620000 0.814407
352.720000 0.816067
352.820000 0.817731
352.920000 0.819402
353.020000 0.821077
353.120000 0.822758
353.220000 0.824444
353.320000 0.826136
353.420000 0.827832
353.520000 0.829535
353.620000 0.831242
353.720000 0.832956
353.820000 0.834674
353.920000 0.836398
354.020000 0.838127
354.120000 0.839862
354.220000 0.841602
354.320000 0.843347
354.420000 0.845098
354.520000 0.846854
354.620000 0.848616
354.720000 0.850383
354.820000 0.852155
354.920000 0.853933
355.020000 0.855717
355.120000 0.857505
355.220000 0.859299
355.320000 0.861099
355.420000 0.862904
355.520000 0.864715
355.620000 0.866531
355.720000 0.868352
355.820000 0.870179
355.920000 0.872011
356.020000 0.873849
356.120000 0.875692
356.220000 0.877541
356.320000 0.879395
356.420000 0.881255
356.520000 0.883120
356.620000 0.884990
356.720000 0.886867
356.820000 0.888748
356.920000 0.890635
357.020000 0.892528
357.120000 0.894426
357.220000 0.896330
357.320000 0.898239
357.420000 0.900154
357.520000 0.902074
357.620000 0.904000
357.720000 0.905931
357.820000 0.907868
357.920000 0.909810
358.020000 0.911758
358.120000 0.913712
358.220000 0.915671
358.320000 0.917636
358.420000 0.919606
358.520000 0.921582
358.620000 0.923564
358.720000 0.925551
358.820000 0.927543
358.920000 0.929542
359.020000 0.931546
359.120000 0.933555
359.220000 0.935570
359.320000 0.937591
359.420000 0.939618
359.520000 0.941650
359.620000 0.943688
359.720000 0.945731
359.820000 0.947780
359.920000 0.949835
360.020000 0.951895
360.120000 0.953962
360.220000 0.956033
360.320000 0.958111
360.420000 0.960194
360.520000 0.962283
360.620000 0.964378
360.720000 0.966478
360.820000 0.968584
360.920000 0.970696
361.020000 0.972814
361.120000 0.974937
361.220000 0.977066
361.320000 0.979201
361.420000 0.981342
361.520000 0.983488
361.620000 0.985641
361.720000 0.987799
361.820000 0.989963
361.920000 0.992132
362.020000 0.994308
362.120000 0.996489
362.220000 0.998676
362.320000 1.000869
362.420000 1.003068
362.520000 1.005273
362.620000 1.007483
362.720000 1.009700
362.820000 1.011922
362.920000 1.014150
363.020000 1.016384
363.120000 1.018624
363.220000 1.020870
363.320000 1.023122
363.420000 1.025380
363.520000 1.027644
363.620000 1.029913
363.720000 1.032189
363.820000 1.034471
363.920000 1.036758
364.020000 1.039052
364.120000 1.041351
364.220000 1.043657
364.320000 1.045968
364.420000 1.048285
364.520000 1.050609
364.620000 1.052939
364.720000 1.055274
364.820000 1.057616
364.920000 1.059963
365.020000 1.062317
365.120000 1.064677
365.220000 1.067043
365.320000 1.069415
365.420000 1.071793
365.520000 1.074177
365.620000 1.076567
365.720000 1.078963
365.820000 1.081366
365.920000 1.083775
366.020000 1.086189
366.120000 1.088610
366.220000 1.091037
366.320000 1.093471
366.420000 1.095910
366.520000 1.098356
366.620000 1.100808
366.720000 1.103266
366.820000 1.105730
366.920000 1.108201
367.020000 1.110677
367.120000 1.113160
367.220000 1.115650
367.320000 1.118145
367.420000 1.120647
367.520000 1.123155
367.620000 1.125669
367.720000 1.128190
367.820000 1.130717
367.920000 1.133250
368.020000 1.135790
368.120000 1.138336
368.220000 1.140909
368.320000 1.143447
368.420000 1.146012
368.520000 1.148584
368.620000 1.151162
368.720000 1.153746
368.820000 1.156337
368.920000 1.158934
369.020000 1.161537
369.120000 1.164147
369.220000 1.166764
369.320000 1.169386
369.420000 1.172016
369.520000 1.174652
369.620000 1.177294
369.720000 1.179943
369.820000 1.182598
369.920000 1.185260
370.020000 1.187928
370.120000 1.190603
370.220000 1.193285
370.320000 1.195973
370.420000 1.198667
370.520000 1.201369
370.620000 1.204076
370.720000 1.206791
370.820000 1.209512
370.920000 1.212239
371.020000 1.214974
371.120000 1.217715
371.220000 1.220462
371.320000 1.223217
371.420000 1.225977
371.520000 1.228745
371.620000 1.231519
371.720000 1.234300
371.820000 1.237088
371.920000 1.239883
372.020000 1.242684
372.120000 1.245492
372.220000 1.248307
372.320000 1.251128
372.420000 1.253957
372.520000 1.256792
372.620000 1.259634
372.720000 1.262484
372.820000 1.265340
372.920000 1.268202
373.020000 1.271072
373.120000 1.273948
373.220000 1.276831
373.320000 1.279721
373.420000 1.282618
373.520000 1.285521
373.620000 1.288430
373.720000 1.291348
373.820000 1.294272
373.920000 1.297204
374.020000 1.300142
374.120000 1.303088
374.220000 1.306040
374.320000 1.309000
374.420000 1.311966
374.520000 1.314940
374.620000 1.317920
374.720000 1.320908
374.820000 1.323902
374.920000 1.326904
375.020000 1.329913
375.120000 1.332929
375.220000 1.335952
375.320000 1.338982
375.420000 1.342019
375.520000 1.345063
375.620000 1.348115
375.720000 1.351174
375.820000 1.354239
375.920000 1.357313
376.020000 1.360393
376.120000 1.363480
376.220000 1.366575
376.320000 1.369677
376.420000 1.372786
376.520000 1.375903
376.620000 1.379027
376.720000 1.382158
376.820000 1.385296
376.920000 1.388442
377.020000 1.391595
377.120000 1.394755
377.220000 1.397923
377.320000 1.401098
377.420000 1.404280
377.520000 1.407470
377.620000 1.410667
377.720000 1.413872
377.820000 1.417084
377.920000 1.420304
378.020000 1.423531
378.120000 1.426765
