rhoW
100.900000
100
150
304.630000 994.883746
305.530000 994.691401
306.430000 994.496167
307.330000 994.298030
308.230000 994.096974
309.130000 993.892985
310.030000 993.686049
310.930000 993.476151
311.830000 993.263275
312.730000 993.047407
313.630000 992.828531
314.530000 992.606633
315.430000 992.381697
316.330000 992.153708
317.230000 991.922651
318.130000 991.688509
319.030000 991.451268
319.930000 991.210912
320.830000 990.967424
321.730000 990.720790
322.630000 990.470992
323.530000 990.218016
324.430000 989.961844
325.330000 989.702462
326.230000 989.439851
327.130000 989.173996
328.030000 988.904881
328.930000 988.632488
329.830000 988.356801
330.730000 988.077803
331.630000 987.795477
332.530000 987.509807
333.430000 987.220775
334.330000 986.928363
335.230000 986.632555
336.130000 986.333333
337.030000 986.030679
337.930000 985.724576
338.830000 985.415007
339.730000 985.101952
340.630000 984.785395
341.530000 984.465317
342.430000 984.141700
343.330000 983.814526
344.230000 983.483776
345.130000 983.149432
346.030000 982.811475
346.930000 982.469886
347.830000 982.124647
348.730000 981.775738
349.630000 981.423140
350.530000 981.066835
351.430000 980.706803
352.330000 980.343024
353.230000 979.975479
354.130000 979.604147
355.030000 979.229010
355.930000 978.850048
356.830000 978.467239
357.730000 978.080565
358.630000 977.690004
359.530000 977.295536
360.430000 976.897141
361.330000 976.494798
362.230000 976.088486
363.130000 975.678183
364.030000 975.263869
364.930000 974.845523
365.830000 974.423123
366.730000 973.996648
367.630000 973.566075
368.530000 973.131384
369.430000 972.692551
370.330000 972.249555
371.230000 971.802374
372.130000 971.350985
373.030000 970.895366
373.930000 970.435493
374.830000 969.971345
375.730000 969.502897
376.630000 969.030127
377.530000 968.553011
378.430000 968.071527
379.330000 967.585649
380.230000 967.095355
381.130000 966.600620
382.030000 966.101420
382.930000 965.597731
383.830000 965.089529
384.730000 964.576788
385.630000 964.059483
386.530000 963.537591
387.430000 963.011085
388.330000 962.479940
389.230000 961.944131
390.130000 961.403632
391.030000 960.858417
391.930000 960.308459
392.830000 959.753733
393.730000 959.194212
394.630000 958.629869
395.530000 958.060677
396.430000 957.486610
397.330000 956.907639
398.230000 956.323739
399.130000 955.734880
400.030000 955.141034
400.930000 954.542175
401.830000 953.938273
402.730000 953.329299
403.630000 952.715226
404.530000 952.096024
405.430000 951.471664
406.330000 950.842116
407.230000 950.207351
408.130000 949.567339
409.030000 948.922050
409.930000 948.271453
410.830000 947.615518
411.730000 946.954214
412.630000 946.287509
413.530000 945.615373
414.430000 944.937774
415.330000 944.254680
416.230000 943.566058
417.130000 942.871877
418.030000 942.172104
418.930000 941.466706
419.830000 940.755650
420.730000 940.038902
421.630000 939.316428
422.530000 938.588194
423.430000 937.854167
424.330000 937.114311
425.230000 936.368592
426.130000 935.616974
427.030000 934.859422
427.930000 934.095900
428.830000 933.326372
429.730000 932.550801
430.630000 931.769150
431.530000 930.981383
432.430000 930.187461
433.330000 929.387348
434.230000 928.581005
435.130000 927.768393
436.030000 926.949474
436.930000 926.124209
437.830000 925.292557
438.730000 924.454479
