1344
0.0078125 0.135239
0.00779765 0.13659
0.00779765 0.13659
0.00779767 0.136597
0.00779767 0.136597
0.00775443 0.140319
0.00775443 0.140319
0.00775452 0.140346
0.00775452 0.140346
0.00770915 0.144047
0.00770915 0.144047
0.00770931 0.144096
0.00770931 0.144096
0.00766166 0.147775
0.00766166 0.147775
0.00766188 0.147847
0.00766188 0.147847
0.00761173 0.151503
0.00761173 0.151503
0.00761201 0.151599
0.00761201 0.151599
0.00755923 0.155231
0.00755923 0.155231
0.00755955 0.155352
0.00755955 0.155352
0.00750415 0.158959
0.00750415 0.158959
0.00750451 0.159106
0.00750451 0.159106
0.00744669 0.162687
0.00744669 0.162687
0.00744708 0.162862
0.00744708 0.162862
0.00738714 0.166416
0.00738714 0.166416
0.00738756 0.166618
0.00738756 0.166618
0.00732587 0.170144
0.00732587 0.170144
0.00732632 0.170376
0.00732632 0.170376
0.00726328 0.173872
0.00726328 0.173872
0.00726374 0.174134
0.00726374 0.174134
0.00719974 0.1776
0.00719974 0.1776
0.00720021 0.177892
0.00720021 0.177892
0.00713562 0.181328
0.00713562 0.181328
0.00713609 0.181651
0.00713609 0.181651
0.00707128 0.185056
0.00707128 0.185056
0.00707176 0.18541
0.00707176 0.18541
0.00700708 0.188784
0.00700708 0.188784
0.00700756 0.189168
0.00700756 0.189168
0.00694339 0.192513
0.00694339 0.192513
0.00694387 0.192927
0.00694387 0.192927
0.00688056 0.196241
0.00688056 0.196241
0.00688103 0.196685
0.00688103 0.196685
0.00681894 0.199969
0.00681894 0.199969
0.0068194 0.200443
0.0068194 0.200443
0.0067589 0.203697
0.0067589 0.203697
0.00675935 0.2042
0.00675935 0.2042
0.00670078 0.207425
0.00670078 0.207425
0.00670122 0.207955
0.00670122 0.207955
0.00664496 0.211153
0.00664496 0.211153
0.00664537 0.21171
0.00664537 0.21171
0.00659178 0.214881
0.00659178 0.214881
0.00659218 0.215464
0.00659218 0.215464
0.00654162 0.21861
0.00654162 0.21861
0.00654199 0.219216
0.00654199 0.219216
0.00649483 0.222338
0.00649483 0.222338
0.00649518 0.222966
0.00649518 0.222966
0.00645178 0.226066
0.00645178 0.226066
0.00645211 0.226715
0.00645211 0.226715
0.00641283 0.229794
0.00641283 0.229794
0.00641314 0.230462
0.00641314 0.230462
0.00637836 0.233522
0.00637836 0.233522
0.00637864 0.234206
0.00637864 0.234206
0.00634873 0.23725
0.00634873 0.23725
0.00634899 0.237949
0.00634899 0.237949
0.00632431 0.240978
0.00632431 0.240978
0.00632455 0.241688
0.00632455 0.241688
0.00630548 0.244706
0.00630548 0.244706
0.00630569 0.245426
0.00630569 0.245426
0.0062926 0.248435
0.0062926 0.248435
0.00629278 0.24916
0.00629278 0.24916
0.00628606 0.252163
0.00628606 0.252163
0.00628622 0.252891
0.00628622 0.252891
0.00628622 0.255891
0.00628622 0.255891
0.00628636 0.256619
0.00628636 0.256619
0.00629348 0.259619
0.00629348 0.259619
0.0062936 0.260344
0.0062936 0.260344
0.00630821 0.263347
0.00630821 0.263347
0.0063083 0.264065
0.0063083 0.264065
0.00633079 0.267075
0.00633079 0.267075
0.00633086 0.267782
0.00633086 0.267782
0.00636161 0.270803
0.00636161 0.270803
0.00636165 0.271496
0.00636165 0.271496
0.00640105 0.274532
0.00640105 0.274532
0.00640108 0.275205
0.00640108 0.275205
0.0064495 0.27826
0.0064495 0.27826
0.00644951 0.27891
0.00644951 0.27891
0.00650735 0.281988
0.00650735 0.281988
0.00650735 0.282611
0.00650735 0.282611
0.006575 0.285716
0.006575 0.285716
0.00657498 0.286307
0.00657498 0.286307
0.00665284 0.289444
0.00665284 0.289444
0.0066528 0.289998
0.0066528 0.289998
0.00674126 0.293172
0.00674126 0.293172
0.00674122 0.293684
0.00674122 0.293684
0.00684067 0.2969
0.00684067 0.2969
0.00684062 0.297364
0.00684062 0.297364
0.00695146 0.300629
0.00695146 0.300629
0.00695141 0.30104
0.00695141 0.30104
0.00707405 0.304357
0.00707405 0.304357
0.00707399 0.304709
0.00707399 0.304709
0.00720883 0.308085
0.00720883 0.308085
0.00720878 0.308373
0.00720878 0.308373
0.00735622 0.311813
0.00735622 0.311813
0.00735617 0.312031
0.00735617 0.312031
0.00751663 0.315541
0.00751663 0.315541
0.00751659 0.315682
0.00751659 0.315682
0.00769047 0.319269
0.00769047 0.319269
0.00769045 0.319328
0.0078125 0.321714
0.00769045 0.319328
0.00804807 0.099309
0.00804202 0.102928
0.00804202 0.102928
0.00804129 0.103037
0.00804129 0.103037
0.00803098 0.106661
0.00803098 0.106661
0.00803005 0.106765
0.00803005 0.106765
0.00801554 0.110397
0.00801554 0.110397
0.00801446 0.110493
0.00801446 0.110493
0.00799576 0.114134
0.00799576 0.114134
0.0079946 0.114222
0.0079946 0.114222
0.00797172 0.117874
0.00797172 0.117874
0.00797055 0.11795
0.00797055 0.11795
0.0079436 0.121615
0.0079436 0.121615
0.00794251 0.121678
0.00794251 0.121678
0.00791169 0.125359
0.00791169 0.125359
0.00791078 0.125406
0.00791078 0.125406
0.00787644 0.129104
0.00787644 0.129104
0.0078758 0.129134
0.0078758 0.129134
0.00783836 0.13285
0.00783836 0.13285
0.00783808 0.132862
0.00783808 0.132862
0.0078125 0.135239
0.00787331 0.322968
0.0078125 0.321714
0.00787331 0.322968
0.00787621 0.322997
0.00787621 0.322997
0.00805968 0.326608
0.00805968 0.326608
0.00807207 0.326726
0.00807207 0.326726
0.00825857 0.330241
0.00825857 0.330241
0.00828196 0.330454
0.00828196 0.330454
0.00847034 0.333868
0.00847034 0.333868
0.00850627 0.334182
0.00850627 0.334182
0.00869534 0.337489
0.00869534 0.337489
0.0087454 0.33791
0.0087454 0.33791
0.00893394 0.341103
0.00893394 0.341103
0.00899973 0.341638
0.00899973 0.341638
0.00918653 0.344711
0.00918653 0.344711
0.00926966 0.345366
0.00926966 0.345366
0.00945349 0.348311
0.00945349 0.348311
0.00955559 0.349094
0.00955559 0.349094
0.00973524 0.351905
0.00973524 0.351905
0.00985792 0.352823
0.00985792 0.352823
0.0100322 0.355491
0.0100322 0.355491
0.0101771 0.356551
0.0101771 0.356551
0.0103447 0.35907
0.0103447 0.35907
0.0105134 0.360279
0.0105134 0.360279
0.0106733 0.362642
0.0106733 0.362642
0.0108674 0.364007
0.0108674 0.364007
0.0110184 0.366205
0.0110184 0.366205
0.0112395 0.367735
0.0112395 0.367735
0.0113804 0.369761
0.0113804 0.369761
0.01163 0.371463
0.01163 0.371463
0.0117598 0.373308
0.0117598 0.373308
0.0120394 0.375191
0.0120394 0.375191
0.012157 0.376846
0.012157 0.376846
0.0124682 0.37892
0.0124682 0.37892
0.0125725 0.380376
0.0125725 0.380376
0.0129167 0.382648
0.0129167 0.382648
0.0130068 0.383897
0.0130068 0.383897
0.0133854 0.386376
0.0133854 0.386376
0.0134603 0.387409
0.0134603 0.387409
0.0138747 0.390104
0.0138747 0.390104
0.0139335 0.390911
0.0139335 0.390911
0.0143851 0.393832
0.0143851 0.393832
0.0144269 0.394404
0.0144269 0.394404
0.014917 0.39756
0.014917 0.39756
0.0149409 0.397887
0.0149409 0.397887
0.0154708 0.401288
0.0154708 0.401288
0.015476 0.401359
0.015625 0.402314
0.015476 0.401359
0.0159938 0.404841
0.015625 0.402314
0.0159938 0.404841
0.0160342 0.405017
0.0160342 0.405017
0.0165165 0.408319
0.0165165 0.408319
0.0166144 0.408745
0.0166144 0.408745
0.0170588 0.411789
0.0170588 0.411789
0.0172164 0.412473
0.0172164 0.412473
0.0176212 0.415248
0.0176212 0.415248
0.0178405 0.416201
0.0178405 0.416201
0.0182041 0.418698
0.0182041 0.418698
0.0184872 0.419929
0.0184872 0.419929
0.0188081 0.422138
0.0188081 0.422138
0.019157 0.423657
0.019157 0.423657
0.0194337 0.425568
0.0194337 0.425568
0.0198502 0.427385
0.0198502 0.427385
0.0200814 0.428987
0.0200814 0.428987
0.0205674 0.431114
0.0205674 0.431114
0.0207517 0.432395
0.0207517 0.432395
0.021309 0.434842
0.021309 0.434842
0.0214451 0.435792
0.0214451 0.435792
0.0220753 0.43857
0.0220753 0.43857
0.022162 0.439178
0.022162 0.439178
0.0228669 0.442298
0.0228669 0.442298
0.022903 0.442553
0.0234375 0.444929
0.022903 0.442553
0.0236472 0.445926
0.0234375 0.444929
0.0236472 0.445926
0.0236767 0.446026
0.0236767 0.446026
0.0243641 0.449312
0.0243641 0.449312
0.0244937 0.449754
0.0244937 0.449754
0.0251036 0.452687
0.0251036 0.452687
0.0253353 0.453482
0.0253353 0.453482
0.0258661 0.456052
0.0258661 0.456052
0.0262019 0.457211
0.0262019 0.457211
0.0266522 0.459405
0.0266522 0.459405
0.027094 0.460939
0.027094 0.460939
0.0274624 0.462746
0.0274624 0.462746
0.0280119 0.464667
0.0280119 0.464667
0.028297 0.466076
0.028297 0.466076
0.0289561 0.468395
0.0289561 0.468395
0.0291567 0.469394
0.0291567 0.469394
0.0299271 0.472123
0.0299271 0.472123
0.030042 0.4727
0.030042 0.4727
0.0309251 0.475851
0.0309251 0.475851
0.0309532 0.475993
0.03125 0.47706
0.0309532 0.475993
0.031834 0.479301
0.03125 0.47706
0.031834 0.479301
0.0319291 0.479579
0.0319291 0.479579
0.0327125 0.48261
0.0327125 0.48261
0.0329491 0.483307
0.0329491 0.483307
0.0336155 0.485907
0.0336155 0.485907
0.0339952 0.487036
0.0339952 0.487036
0.0345434 0.489192
0.0345434 0.489192
0.0350679 0.490764
0.0350679 0.490764
0.0354967 0.492465
0.0354967 0.492465
0.0361675 0.494492
0.0361675 0.494492
0.0364759 0.495726
0.0364759 0.495726
0.0372946 0.49822
0.0372946 0.49822
0.0374814 0.498975
0.0374814 0.498975
0.0384494 0.501948
0.0384494 0.501948
0.0385137 0.50221
0.0390625 0.503911
0.0385137 0.50221
0.0395298 0.505453
0.0390625 0.503911
0.0395298 0.505453
0.0396147 0.505676
0.0396147 0.505676
0.0405244 0.508707
0.0405244 0.508707
0.0407876 0.509404
0.0407876 0.509404
0.0415441 0.511948
0.0415441 0.511948
0.041987 0.513133
0.041987 0.513133
0.0425895 0.515178
0.0425895 0.515178
0.0432134 0.516861
0.0432134 0.516861
0.043661 0.518394
0.043661 0.518394
0.0444671 0.520589
0.0444671 0.520589
0.044759 0.521599
0.044759 0.521599
0.0457485 0.524317
0.0457485 0.524317
0.0458839 0.52479
0.046875 0.527538
0.0458839 0.52479
0.0470231 0.527975
0.046875 0.527538
0.0470231 0.527975
0.0470523 0.528045
0.0470523 0.528045
0.0481068 0.531185
0.0481068 0.531185
0.0483477 0.531773
0.0483477 0.531773
0.049216 0.534384
0.049216 0.534384
0.0496694 0.535501
0.0496694 0.535501
0.0503508 0.537571
0.0503508 0.537571
0.0510178 0.53923
0.0510178 0.53923
0.0515118 0.540745
0.0515118 0.540745
0.0523932 0.542958
0.0523932 0.542958
0.0526994 0.543906
0.0526994 0.543906
0.0537959 0.546686
0.0537959 0.546686
0.0539139 0.547055
0.0546875 0.549035
0.0539139 0.547055
0.0551189 0.550208
0.0546875 0.549035
0.0551189 0.550208
0.0552093 0.550414
0.0552093 0.550414
0.0562886 0.553378
0.0562886 0.553378
0.0566207 0.554142
0.0566207 0.554142
0.0574835 0.556536
0.0574835 0.556536
0.0580578 0.55787
0.0580578 0.55787
0.0587041 0.559682
0.0587041 0.559682
0.0595212 0.561598
0.0595212 0.561598
0.0599508 0.562815
0.0599508 0.562815
0.061011 0.565327
0.061011 0.565327
0.0612238 0.565936
0.0625 0.568989
0.0612238 0.565936
0.0625218 0.569044
0.0625 0.568989
0.0625218 0.569044
0.0625266 0.569055
0.0625266 0.569055
0.0637481 0.572187
0.0637481 0.572187
0.0640206 0.572783
0.0640206 0.572783
0.0649991 0.575318
0.0649991 0.575318
0.0655395 0.576511
0.445312 0.136692
0.443791 0.140319
0.443791 0.140319
0.444173 0.140862
0.445312 0.142447
0.444173 0.140862
0.453125 0.131837
0.45095 0.132862
0.45095 0.132862
0.445471 0.136515
0.445471 0.136515
0.445358 0.13659
0.445358 0.13659
0.445312 0.136692
0.446207 0.14362
0.445312 0.142447
0.446207 0.14362
0.44654 0.144047
0.44654 0.144047
0.449598 0.14573
0.453125 0.147643
0.449598 0.14573
0.460938 0.128415
0.45921 0.129134
0.45921 0.129134
0.453125 0.131837
0.453258 0.147711
0.453125 0.147643
0.453258 0.147711
0.453383 0.147775
0.453383 0.147775
0.45767 0.149334
0.460938 0.150507
0.45767 0.149334
0.46875 0.125337
0.468601 0.125406
0.468601 0.125406
0.460938 0.128415
0.462157 0.150921
0.460938 0.150507
0.462157 0.150921
0.463893 0.151503
0.463893 0.151503
0.466868 0.152401
0.46875 0.152961
0.466868 0.152401
0.470391 0.124623
0.46875 0.125337
0.476562 0.121937
0.470391 0.124623
0.47174 0.153804
0.46875 0.152961
0.476562 0.155146
0.47174 0.153804
0.484375 0.117151
0.483539 0.11795
0.483539 0.11795
0.479919 0.120076
0.479919 0.120076
0.477194 0.121678
0.477194 0.121678
0.476562 0.121937
0.476678 0.155176
0.476562 0.155146
0.476678 0.155176
0.476889 0.155231
0.476889 0.155231
0.481665 0.156524
0.484375 0.157247
0.481665 0.156524
0.492188 0.106908
0.490127 0.110493
0.490127 0.110493
0.48915 0.111943
0.48915 0.111943
0.487623 0.114222
0.487623 0.114222
0.484375 0.117151
0.48672 0.15784
0.484375 0.157247
0.48672 0.15784
0.491206 0.158959
0.491206 0.158959
0.491823 0.159133
0.492188 0.159234
0.491823 0.159133
0.497802 0.099309
0.496468 0.100995
0.496468 0.100995
0.494856 0.103037
0.494856 0.103037
0.492317 0.106704
0.492317 0.106704
0.492274 0.106765
0.492274 0.106765
0.492188 0.106908
0.496847 0.160464
0.492188 0.159234
0.5 0.161283
0.496847 0.160464
0.50194 0.161762
0.5 0.161283
0.50194 0.161762
0.50575 0.162687
0.50575 0.162687
0.507032 0.16306
0.507812 0.163282
0.507032 0.16306
0.511997 0.164419
0.507812 0.163282
0.515625 0.165386
0.511997 0.164419
0.517032 0.165744
0.515625 0.165386
0.517032 0.165744
0.51972 0.166416
0.51972 0.166416
0.521976 0.167113
0.523438 0.167556
0.521976 0.167113
0.526815 0.168532
0.523438 0.167556
0.53125 0.16979
0.526815 0.168532
0.531723 0.169918
0.53125 0.16979
0.531723 0.169918
0.532572 0.170144
0.532572 0.170144
0.536421 0.171404
0.539062 0.172251
0.536421 0.171404
0.54113 0.172885
0.539062 0.172251
0.54113 0.172885
0.544415 0.173872
0.544415 0.173872
0.545801 0.174384
0.546875 0.174773
0.545801 0.174384
0.550309 0.175961
0.546875 0.174773
0.554688 0.177444
0.550309 0.175961
0.554882 0.177507
0.554688 0.177444
0.554882 0.177507
0.555174 0.1776
0.555174 0.1776
0.559208 0.179171
0.5625 0.180424
0.559208 0.179171
0.563574 0.180816
0.5625 0.180424
0.563574 0.180816
0.565012 0.181328
0.565012 0.181328
0.567791 0.182532
0.570312 0.183598
0.567791 0.182532
0.571965 0.184268
0.570312 0.183598
0.571965 0.184268
0.573956 0.185056
0.573956 0.185056
0.576042 0.18605
0.578125 0.187019
0.576042 0.18605
0.580038 0.187871
0.578125 0.187019
0.580038 0.187871
0.582137 0.188784
0.582137 0.188784
0.583959 0.189729
0.585938 0.190728
0.583959 0.189729
0.587793 0.191627
0.585938 0.190728
0.587793 0.191627
0.589668 0.192513
0.589668 0.192513
0.591551 0.193562
0.59375 0.194755
0.591551 0.193562
0.595239 0.19553
0.59375 0.194755
0.595239 0.19553
0.596639 0.196241
0.596639 0.196241
0.598836 0.197542
0.601562 0.199115
0.598836 0.197542
0.602391 0.199574
0.601562 0.199115
0.602391 0.199574
0.603124 0.199969
0.603124 0.199969
0.605827 0.201662
0.605827 0.201662
0.609163 0.203697
0.609163 0.203697
0.609248 0.203757
0.609375 0.203844
0.609248 0.203757
0.612524 0.205922
0.609375 0.203844
0.612524 0.205922
0.614864 0.207425
0.614864 0.207425
0.615773 0.2081
0.617188 0.20912
0.615773 0.2081
0.618926 0.210324
0.617188 0.20912
0.618926 0.210324
0.620157 0.211153
0.620157 0.211153
0.622007 0.212581
0.625 0.214831
0.622007 0.212581
0.625042 0.214861
0.625 0.214831
0.625042 0.214861
0.625071 0.214881
0.625071 0.214881
0.627971 0.217192
0.627971 0.217192
0.629798 0.21861
0.629798 0.21861
0.630863 0.21954
0.632812 0.221198
0.630863 0.21954
0.633695 0.221917
0.632812 0.221198
0.633695 0.221917
0.634224 0.222338
0.634224 0.222338
0.636467 0.224322
0.636467 0.224322
0.638487 0.226066
0.638487 0.226066
0.639201 0.226745
0.640625 0.228067
0.639201 0.226745
0.641889 0.229191
0.640625 0.228067
0.641889 0.229191
0.642583 0.229794
0.642583 0.229794
0.644543 0.231653
0.644543 0.231653
0.646558 0.233522
0.646558 0.233522
0.647163 0.23413
0.648438 0.235386
0.647163 0.23413
0.649751 0.236623
0.648438 0.235386
0.649751 0.236623
0.65043 0.23725
0.65043 0.23725
0.652319 0.239126
0.652319 0.239126
0.654218 0.240978
0.654218 0.240978
0.654858 0.241643
0.65625 0.243066
0.654858 0.241643
0.657378 0.244168
0.65625 0.243066
0.657378 0.244168
0.657937 0.244706
0.657937 0.244706
0.659894 0.246696
0.659894 0.246696
0.661627 0.248435
0.661627 0.248435
0.662389 0.249233
0.664062 0.250973
0.662389 0.249233
0.664873 0.251776
0.664062 0.250973
0.664873 0.251776
0.665267 0.252163
0.665267 0.252163
0.667376 0.25431
0.667376 0.25431
0.668939 0.255891
0.668939 0.255891
0.669864 0.25685
0.671875 0.25893
0.669864 0.25685
0.672346 0.259394
0.671875 0.25893
0.672346 0.259394
0.672575 0.259619
0.672575 0.259619
0.674874 0.261916
0.674874 0.261916
0.676304 0.263347
0.676304 0.263347
0.677392 0.264443
0.679688 0.266766
0.677392 0.264443
0.679902 0.266973
0.679688 0.266766
0.679902 0.266973
0.680008 0.267075
0.680008 0.267075
0.682484 0.269469
0.682484 0.269469
0.683854 0.270803
0.683854 0.270803
0.685059 0.271968
0.6875 0.274355
0.685059 0.271968
0.687625 0.274472
0.6875 0.274355
0.687625 0.274472
0.687689 0.274532
0.687689 0.274532
0.690282 0.276932
0.690282 0.276932
0.691695 0.27826
0.691695 0.27826
0.69293 0.279397
0.695312 0.281632
0.69293 0.279397
0.695573 0.281864
0.695312 0.281632
0.695573 0.281864
0.69571 0.281988
0.69571 0.281988
0.698312 0.284285
0.698312 0.284285
0.699898 0.285716
0.699898 0.285716
0.701037 0.286712
0.703125 0.288588
0.701037 0.286712
0.703771 0.289136
0.703125 0.288588
0.703771 0.289136
0.704125 0.289444
0.704125 0.289444
0.706591 0.291518
0.706591 0.291518
0.708502 0.293172
0.708502 0.293172
0.709389 0.293911
0.710938 0.295243
0.709389 0.293911
0.712225 0.296286
0.710938 0.295243
0.712225 0.296286
0.712959 0.2969
0.712959 0.2969
0.715119 0.298633
0.715119 0.298633
0.717517 0.300629
0.717517 0.300629
0.71798 0.300996
0.71875 0.301631
0.71798 0.300996
0.720925 0.303319
0.71875 0.301631
0.720925 0.303319
0.722213 0.304357
0.722213 0.304357
0.72388 0.305637
0.726562 0.307784
0.72388 0.305637
0.726807 0.307968
0.726562 0.307784
0.726807 0.307968
0.726957 0.308085
0.726957 0.308085
0.729853 0.310243
0.729853 0.310243
0.73187 0.311813
0.73187 0.311813
0.732854 0.312539
0.734375 0.313715
0.732854 0.312539
0.735895 0.314816
0.734375 0.313715
0.735895 0.314816
0.736849 0.315541
0.736849 0.315541
0.73898 0.317072
0.73898 0.317072
0.741892 0.319269
0.741892 0.319269
0.74201 0.319354
0.742188 0.319487
0.74201 0.319354
0.745166 0.321576
0.742188 0.319487
0.745166 0.321576
0.74709 0.322997
0.74709 0.322997
0.748274 0.323821
0.75 0.32509
0.748274 0.323821
0.751405 0.326055
0.75 0.32509
0.751405 0.326055
0.75233 0.326726
0.75233 0.326726
0.754586 0.328265
0.754586 0.328265
0.757616 0.330454
0.757616 0.330454
0.757697 0.330509
0.757812 0.330591
0.757697 0.330509
0.76094 0.332689
0.757812 0.330591
0.76094 0.332689
0.763038 0.334182
0.763038 0.334182
0.764117 0.334902
0.765625 0.335972
0.764117 0.334902
0.767328 0.337097
0.765625 0.335972
0.767328 0.337097
0.768485 0.33791
0.768485 0.33791
0.770565 0.339281
0.773438 0.341295
0.770565 0.339281
0.773741 0.341493
0.773438 0.341295
0.773741 0.341493
0.773949 0.341638
0.773949 0.341638
0.777035 0.34365
0.777035 0.34365
0.779504 0.345366
0.779504 0.345366
0.780243 0.345847
0.78125 0.346547
0.780243 0.345847
0.783517 0.348013
0.78125 0.346547
0.783517 0.348013
0.785082 0.349094
0.785082 0.349094
0.786773 0.350187
0.789062 0.351771
0.786773 0.350187
0.790001 0.352375
0.789062 0.351771
0.790001 0.352375
0.790652 0.352823
0.790652 0.352823
0.793302 0.354528
0.793302 0.354528
0.796234 0.356551
0.796234 0.356551
0.796507 0.356726
0.796875 0.356981
0.796507 0.356726
0.799821 0.358873
0.796875 0.356981
0.799821 0.358873
0.801859 0.360279
0.801859 0.360279
0.803064 0.361054
0.804688 0.362178
0.803064 0.361054
0.806321 0.363228
0.804688 0.362178
0.806321 0.363228
0.807448 0.364007
0.807448 0.364007
0.809597 0.365392
0.8125 0.367408
0.809597 0.365392
0.812792 0.367596
0.8125 0.367408
0.812792 0.367596
0.812992 0.367735
0.812992 0.367735
0.816099 0.369746
0.816099 0.369746
0.81856 0.371463
0.81856 0.371463
0.819302 0.371946
0.820312 0.372655
0.819302 0.371946
0.82256 0.374119
0.820312 0.372655
0.82256 0.374119
0.824085 0.375191
0.824085 0.375191
0.825789 0.376306
0.828125 0.37796
0.825789 0.376306
0.828971 0.378516
0.828125 0.37796
0.828971 0.378516
0.829539 0.37892
0.829539 0.37892
0.832223 0.380692
0.832223 0.380692
0.834956 0.382648
0.834956 0.382648
0.835366 0.38292
0.835938 0.383332
0.835366 0.38292
0.838595 0.385108
0.835938 0.383332
0.838595 0.385108
0.840345 0.386376
0.840345 0.386376
0.841758 0.387326
0.84375 0.388782
0.841758 0.387326
0.844895 0.389557
0.84375 0.388782
0.844895 0.389557
0.845639 0.390104
0.845639 0.390104
0.848076 0.391768
0.848076 0.391768
0.850858 0.393832
0.850858 0.393832
0.851147 0.394031
0.851562 0.394342
0.851147 0.394031
0.854311 0.396249
0.851562 0.394342
0.854311 0.396249
0.856048 0.39756
0.856048 0.39756
0.857397 0.398504
0.859375 0.400013
0.857397 0.398504
0.860452 0.400774
0.859375 0.400013
0.860452 0.400774
0.861119 0.401288
0.861119 0.401288
0.863551 0.403024
0.863551 0.403024
0.866111 0.405017
0.866111 0.405017
0.86654 0.405326
0.867188 0.405835
0.86654 0.405326
0.8696 0.407593
0.867188 0.405835
0.8696 0.407593
0.871045 0.408745
0.871045 0.408745
0.872601 0.40989
0.875 0.411822
0.872601 0.40989
0.875532 0.412219
0.875 0.411822
0.875532 0.412219
0.875842 0.412473
0.875842 0.412473
0.878543 0.41451
0.878543 0.41451
0.880588 0.416201
0.880588 0.416201
0.881444 0.416854
0.882812 0.417998
0.881444 0.416854
0.884355 0.419193
0.882812 0.417998
0.884355 0.419193
0.88522 0.419929
0.88522 0.419929
0.887266 0.421532
0.887266 0.421532
0.889734 0.423657
0.889734 0.423657
0.890069 0.423923
0.890625 0.424407
0.890069 0.423923
0.892944 0.426279
0.890625 0.424407
0.892944 0.426279
0.894189 0.427385
0.894189 0.427385
0.895755 0.428665
0.898438 0.431078
0.895755 0.428665
0.898464 0.431101
0.898438 0.431078
0.898464 0.431101
0.898478 0.431114
0.898478 0.431114
0.901284 0.433483
0.901284 0.433483
0.902743 0.434842
0.902743 0.434842
0.903999 0.435916
0.90625 0.43804
0.903999 0.435916
0.906642 0.438383
0.90625 0.43804
0.906642 0.438383
0.906835 0.43857
0.906835 0.43857
0.909364 0.440812
0.909364 0.440812
0.91088 0.442298
0.91088 0.442298
0.911985 0.443289
0.914062 0.445354
0.911985 0.443289
0.914543 0.445797
0.914062 0.445354
0.914543 0.445797
0.914767 0.446026
0.914767 0.446026
0.917171 0.448271
0.917171 0.448271
0.918603 0.449754
0.918603 0.449754
0.9197 0.450792
0.921875 0.453077
0.9197 0.450792
0.922154 0.453349
0.921875 0.453077
0.922154 0.453349
0.922277 0.453482
0.922277 0.453482
0.924691 0.455867
0.924691 0.455867
0.925913 0.457211
0.925913 0.457211
0.927132 0.45843
0.927132 0.45843
0.929382 0.460939
0.929382 0.460939
0.92948 0.461038
0.929688 0.461272
0.92948 0.461038
0.931912 0.463605
0.929688 0.461272
0.931912 0.463605
0.932817 0.464667
0.932817 0.464667
0.934268 0.466209
0.934268 0.466209
0.936106 0.468395
0.936106 0.468395
0.936534 0.468856
0.9375 0.47002
0.936534 0.468856
0.938817 0.471494
0.9375 0.47002
0.938817 0.471494
0.939317 0.472123
0.939317 0.472123
0.941092 0.474137
0.941092 0.474137
0.942437 0.475851
0.942437 0.475851
0.943281 0.476821
0.945312 0.479447
0.943281 0.476821
0.945391 0.479542
0.945312 0.479447
0.945391 0.479542
0.945419 0.479579
0.945419 0.479579
0.947589 0.482221
0.947589 0.482221
0.94838 0.483307
0.94838 0.483307
0.949703 0.48494
0.949703 0.48494
0.951206 0.487036
0.951206 0.487036
0.951736 0.487698
0.953125 0.489662
0.951736 0.487698
0.95374 0.49047
0.953125 0.489662
0.95374 0.49047
0.953937 0.490764
0.953937 0.490764
0.955783 0.493223
0.955783 0.493223
0.956622 0.494492
0.956622 0.494492
0.957749 0.496014
0.957749 0.496014
0.959186 0.49822
0.959186 0.49822
0.959639 0.49884
0.960938 0.50086
0.959639 0.49884
0.961503 0.501678
0.960938 0.50086
0.961503 0.501678
0.961666 0.501948
0.961666 0.501948
0.963405 0.504499
0.963405 0.504499
0.964106 0.505676
0.964106 0.505676
0.965235 0.507354
0.965235 0.507354
0.96644 0.509404
0.96644 0.509404
0.966996 0.510241
0.966996 0.510241
0.968672 0.513133
0.968672 0.513133
0.968691 0.513161
0.96875 0.513264
0.968691 0.513161
0.97046 0.516045
0.96875 0.513264
0.97046 0.516045
0.970894 0.516861
0.970894 0.516861
0.972168 0.518958
0.972168 0.518958
0.973025 0.520589
0.973025 0.520589
0.973812 0.521901
0.973812 0.521901
0.975065 0.524317
0.975065 0.524317
0.975395 0.524874
0.976562 0.527152
0.975395 0.524874
0.976952 0.527859
0.976562 0.527152
0.976952 0.527859
0.977039 0.528045
0.977039 0.528045
0.97855 0.530825
0.97855 0.530825
0.978991 0.531773
0.978991 0.531773
0.980089 0.533818
0.980089 0.533818
0.980863 0.535501
0.980863 0.535501
0.981572 0.536839
0.981572 0.536839
0.982657 0.53923
0.982657 0.53923
0.983001 0.539885
0.984375 0.542949
0.983001 0.539885
0.984378 0.542956
0.984375 0.542949
0.984378 0.542956
0.984379 0.542958
0.984379 0.542958
0.985823 0.545995
0.985823 0.545995
0.9861 0.546686
0.9861 0.546686
0.987214 0.549059
0.987214 0.549059
0.987752 0.550414
0.987752 0.550414
0.988556 0.552147
0.988556 0.552147
0.989337 0.554142
0.989337 0.554142
0.989849 0.555258
0.989849 0.555258
0.990861 0.55787
0.990861 0.55787
0.991097 0.558391
0.992188 0.561241
0.991097 0.558391
0.99231 0.56154
0.992188 0.561241
0.99231 0.56154
0.99233 0.561598
0.99233 0.561598
0.993574 0.564665
0.993574 0.564665
0.993796 0.565327
0.993796 0.565327
0.994793 0.567811
0.994793 0.567811
0.995207 0.569055
0.995207 0.569055
0.99597 0.570978
0.99597 0.570978
0.996565 0.572783
0.996565 0.572783
0.997108 0.574163
0.997108 0.574163
0.997873 0.576511
