2814
(0.00232824, 0.552359)
(0, 0.553729)
(0.00390625, 0.551431)
(0.00232824, 0.552359)
(0.00390625, 0.992187)
(0.00390625, 0.992188)
(0.00390625, 0.992188)
(0.00390625, 0.992188)
(0.00390625, 0.992188)
(0.00195312, 0.996094)
(0.00195312, 0.996094)
(0, 1)
(0.0078125, 0.549134)
(0.00501089, 0.550781)
(0.00501089, 0.550781)
(0.00390625, 0.551431)
(0.0078125, 0.984375)
(0.0078125, 0.984375)
(0.0078125, 0.984375)
(0.0078125, 0.984375)
(0.0078125, 0.984375)
(0.00585937, 0.988281)
(0.00585937, 0.988281)
(0.00390625, 0.992187)
(0.0117188, 0.546837)
(0.0116548, 0.546875)
(0.0116548, 0.546875)
(0.0078125, 0.549134)
(0.0117188, 0.976562)
(0.0117187, 0.976562)
(0.0117187, 0.976562)
(0.0117187, 0.976563)
(0.0117187, 0.976563)
(0.00976562, 0.980469)
(0.00976562, 0.980469)
(0.0078125, 0.984375)
(0.0118099, 0.546784)
(0.0117188, 0.546837)
(0.015625, 0.544542)
(0.0118099, 0.546784)
(0.015625, 0.96875)
(0.015625, 0.96875)
(0.015625, 0.96875)
(0.015625, 0.96875)
(0.015625, 0.96875)
(0.0136719, 0.972656)
(0.0136719, 0.972656)
(0.0117188, 0.976562)
(0.0195312, 0.542248)
(0.0183037, 0.542969)
(0.0183037, 0.542969)
(0.015625, 0.544542)
(0.0195312, 0.960937)
(0.0195312, 0.960938)
(0.0195312, 0.960938)
(0.0195312, 0.960938)
(0.0195312, 0.960938)
(0.0175781, 0.964844)
(0.0175781, 0.964844)
(0.015625, 0.96875)
(0.0212774, 0.541223)
(0.0195312, 0.542248)
(0.0234375, 0.539955)
(0.0212774, 0.541223)
(0.0234375, 0.953125)
(0.0234375, 0.953125)
(0.0234375, 0.953125)
(0.0234375, 0.953125)
(0.0234375, 0.953125)
(0.0214844, 0.957031)
(0.0214844, 0.957031)
(0.0195312, 0.960937)
(0.0273438, 0.537663)
(0.0249577, 0.539062)
(0.0249577, 0.539062)
(0.0234375, 0.539955)
(0.0273438, 0.945312)
(0.0273437, 0.945312)
(0.0273437, 0.945312)
(0.0273437, 0.945313)
(0.0273437, 0.945313)
(0.0253906, 0.949219)
(0.0253906, 0.949219)
(0.0234375, 0.953125)
(0.0307294, 0.535677)
(0.0273438, 0.537663)
(0.03125, 0.535372)
(0.0307294, 0.535677)
(0.03125, 0.9375)
(0.03125, 0.9375)
(0.03125, 0.9375)
(0.03125, 0.9375)
(0.03125, 0.9375)
(0.0292969, 0.941406)
(0.0292969, 0.941406)
(0.0273438, 0.945312)
(0.0351562, 0.533082)
(0.0316173, 0.535156)
(0.0316173, 0.535156)
(0.03125, 0.535372)
(0.0351562, 0.929687)
(0.0351562, 0.929688)
(0.0351562, 0.929688)
(0.0351562, 0.929688)
(0.0351562, 0.929688)
(0.0332031, 0.933594)
(0.0332031, 0.933594)
(0.03125, 0.9375)
(0.0390625, 0.530793)
(0.0382828, 0.53125)
(0.0382828, 0.53125)
(0.0351562, 0.533082)
(0.0390625, 0.921875)
(0.0390625, 0.921875)
(0.0390625, 0.921875)
(0.0390625, 0.921875)
(0.0390625, 0.921875)
(0.0371094, 0.925781)
(0.0371094, 0.925781)
(0.0351562, 0.929687)
(0.0401647, 0.530148)
(0.0390625, 0.530793)
(0.0429688, 0.528506)
(0.0401647, 0.530148)
(0.0429688, 0.914062)
(0.0429687, 0.914062)
(0.0429687, 0.914062)
(0.0429687, 0.914063)
(0.0429687, 0.914063)
(0.0410156, 0.917969)
(0.0410156, 0.917969)
(0.0390625, 0.921875)
(0.046875, 0.52622)
(0.0449548, 0.527344)
(0.0449548, 0.527344)
(0.0429688, 0.528506)
(0.046875, 0.90625)
(0.046875, 0.90625)
(0.046875, 0.90625)
(0.046875, 0.90625)
(0.046875, 0.90625)
(0.0449219, 0.910156)
(0.0449219, 0.910156)
(0.0429688, 0.914062)
(0.0495815, 0.524637)
(0.046875, 0.52622)
(0.0507812, 0.523936)
(0.0495815, 0.524637)
(0.0507812, 0.898437)
(0.0507812, 0.898438)
(0.0507812, 0.898438)
(0.0507812, 0.898438)
(0.0507812, 0.898438)
(0.0488281, 0.902344)
(0.0488281, 0.902344)
(0.046875, 0.90625)
(0.0546875, 0.521653)
(0.0516336, 0.523438)
(0.0516336, 0.523438)
(0.0507812, 0.523936)
(0.0546875, 0.890625)
(0.0546875, 0.890625)
(0.0546875, 0.890625)
(0.0546875, 0.890625)
(0.0546875, 0.890625)
(0.0527344, 0.894531)
(0.0527344, 0.894531)
(0.0507812, 0.898437)
(0.0585938, 0.519371)
(0.0583199, 0.519531)
(0.0583199, 0.519531)
(0.0546875, 0.521653)
(0.0585938, 0.882812)
(0.0585937, 0.882812)
(0.0585937, 0.882812)
(0.0585937, 0.882813)
(0.0585937, 0.882813)
(0.0566406, 0.886719)
(0.0566406, 0.886719)
(0.0546875, 0.890625)
(0.058978, 0.519147)
(0.0585938, 0.519371)
(0.0625, 0.517092)
(0.058978, 0.519147)
(0.0625, 0.875)
(0.0625, 0.875)
(0.0625, 0.875)
(0.0625, 0.875)
(0.0625, 0.875)
(0.0605469, 0.878906)
(0.0605469, 0.878906)
(0.0585938, 0.882812)
(0.0664062, 0.514813)
(0.0650142, 0.515625)
(0.0650142, 0.515625)
(0.0625, 0.517092)
(0.0664062, 0.867187)
(0.0664062, 0.867188)
(0.0664062, 0.867188)
(0.0664062, 0.867188)
(0.0664062, 0.867188)
(0.0644531, 0.871094)
(0.0644531, 0.871094)
(0.0625, 0.875)
(0.0683521, 0.513679)
(0.0664062, 0.514813)
(0.0703125, 0.512537)
(0.0683521, 0.513679)
(0.0703125, 0.859375)
(0.0703125, 0.859375)
(0.0703125, 0.859375)
(0.0703125, 0.859375)
(0.0703125, 0.859375)
(0.0683594, 0.863281)
(0.0683594, 0.863281)
(0.0664062, 0.867187)
(0.0742188, 0.510262)
(0.0717172, 0.511719)
(0.0717172, 0.511719)
(0.0703125, 0.512537)
(0.0742188, 0.851562)
(0.0742187, 0.851562)
(0.0742187, 0.851562)
(0.0742187, 0.851563)
(0.0742187, 0.851563)
(0.0722656, 0.855469)
(0.0722656, 0.855469)
(0.0703125, 0.859375)
(0.0777017, 0.508236)
(0.0742188, 0.510262)
(0.078125, 0.50799)
(0.0777017, 0.508236)
(0.078125, 0.84375)
(0.078125, 0.84375)
(0.078125, 0.84375)
(0.078125, 0.84375)
(0.078125, 0.84375)
(0.0761719, 0.847656)
(0.0761719, 0.847656)
(0.0742188, 0.851562)
(0.08167, 0)
(0.0818162, 0.000215)
(0.0820312, 0.000531035)
(0.0818162, 0.000215)
(0.0820312, 0.505719)
(0.0784296, 0.507812)
(0.0784296, 0.507812)
(0.078125, 0.50799)
(0.0820312, 0.835937)
(0.0820312, 0.835938)
(0.0820312, 0.835938)
(0.0820312, 0.835938)
(0.0820312, 0.835938)
(0.0800781, 0.839844)
(0.0800781, 0.839844)
(0.078125, 0.84375)
(0.0833978, 0.00253967)
(0.0820312, 0.000531035)
(0.0833978, 0.00253967)
(0.0843277, 0.00390625)
(0.0843277, 0.00390625)
(0.0849796, 0.00486419)
(0.0859375, 0.00627182)
(0.0849796, 0.00486419)
(0.0859375, 0.50345)
(0.0851523, 0.503906)
(0.0851523, 0.503906)
(0.0820312, 0.505719)
(0.0859375, 0.828125)
(0.0859375, 0.828125)
(0.0859375, 0.828125)
(0.0859375, 0.828125)
(0.0859375, 0.828125)
(0.0839844, 0.832031)
(0.0839844, 0.832031)
(0.0820312, 0.835937)
(0.0865614, 0.00718857)
(0.0859375, 0.00627182)
(0.0865614, 0.00718857)
(0.0869861, 0.0078125)
(0.0869861, 0.0078125)
(0.0881434, 0.0095128)
(0.0881434, 0.0095128)
(0.0896452, 0.0117188)
(0.0896452, 0.0117188)
(0.0897256, 0.0118369)
(0.0898438, 0.0120104)
(0.0897256, 0.0118369)
(0.0870239, 0.50282)
(0.0859375, 0.50345)
(0.0898438, 0.501184)
(0.0870239, 0.50282)
(0.0898438, 0.820312)
(0.0898437, 0.820312)
(0.0898437, 0.820312)
(0.0898437, 0.820313)
(0.0898437, 0.820313)
(0.0878906, 0.824219)
(0.0878906, 0.824219)
(0.0859375, 0.828125)
(0.0913079, 0.0141608)
(0.0898438, 0.0120104)
(0.0913079, 0.0141608)
(0.092305, 0.015625)
(0.092305, 0.015625)
(0.0928904, 0.0164846)
(0.09375, 0.0177467)
(0.0928904, 0.0164846)
(0.09375, 0.49892)
(0.0918861, 0.5)
(0.0918861, 0.5)
(0.0898438, 0.501184)
(0.09375, 0.8125)
(0.09375, 0.8125)
(0.09375, 0.8125)
(0.09375, 0.8125)
(0.09375, 0.8125)
(0.0917969, 0.816406)
(0.0917969, 0.816406)
(0.0898438, 0.820312)
(0.0944731, 0.0188082)
(0.09375, 0.0177467)
(0.0944731, 0.0188082)
(0.0949656, 0.0195312)
(0.0949656, 0.0195312)
(0.0960559, 0.0211316)
(0.0960559, 0.0211316)
(0.097627, 0.0234375)
(0.097627, 0.0234375)
(0.0976388, 0.0234549)
(0.0976562, 0.0234805)
(0.0976388, 0.0234549)
(0.0963158, 0.497434)
(0.09375, 0.49892)
(0.0976562, 0.496658)
(0.0963158, 0.497434)
(0.0976562, 0.804687)
(0.0976562, 0.804688)
(0.0976562, 0.804688)
(0.0976562, 0.804688)
(0.0976562, 0.804688)
(0.0957031, 0.808594)
(0.0957031, 0.808594)
(0.09375, 0.8125)
(0.099222, 0.025778)
(0.0976562, 0.0234805)
(0.099222, 0.025778)
(0.100289, 0.0273438)
(0.100289, 0.0273438)
(0.100805, 0.028101)
(0.101562, 0.0292118)
(0.100805, 0.028101)
(0.101562, 0.494399)
(0.0986322, 0.496094)
(0.0986322, 0.496094)
(0.0976562, 0.496658)
(0.101562, 0.796875)
(0.101562, 0.796875)
(0.101562, 0.796875)
(0.101562, 0.796875)
(0.101562, 0.796875)
(0.0996094, 0.800781)
(0.0996094, 0.800781)
(0.0976562, 0.804687)
(0.102389, 0.0304237)
(0.101562, 0.0292118)
(0.102389, 0.0304237)
(0.102952, 0.03125)
(0.102952, 0.03125)
(0.103972, 0.0327463)
(0.105469, 0.0349403)
(0.103972, 0.0327463)
(0.105469, 0.492143)
(0.105392, 0.492188)
(0.105392, 0.492188)
(0.101562, 0.494399)
(0.105469, 0.789062)
(0.105469, 0.789062)
(0.105469, 0.789062)
(0.105469, 0.789063)
(0.105469, 0.789063)
(0.103516, 0.792969)
(0.103516, 0.792969)
(0.101562, 0.796875)
(0.105556, 0.0350687)
(0.105469, 0.0349403)
(0.105556, 0.0350687)
(0.105616, 0.0351562)
(0.105616, 0.0351562)
(0.10714, 0.0373909)
(0.10714, 0.0373909)
(0.108281, 0.0390625)
(0.108281, 0.0390625)
(0.108725, 0.0397129)
(0.109375, 0.0406661)
(0.108725, 0.0397129)
(0.105574, 0.492082)
(0.105469, 0.492143)
(0.109375, 0.489889)
(0.105574, 0.492082)
(0.109375, 0.78125)
(0.109375, 0.78125)
(0.109375, 0.78125)
(0.109375, 0.78125)
(0.109375, 0.78125)
(0.107422, 0.785156)
(0.107422, 0.785156)
(0.105469, 0.789062)
(0.110309, 0.0420347)
(0.109375, 0.0406661)
(0.110309, 0.0420347)
(0.110947, 0.0429688)
(0.110947, 0.0429688)
(0.111894, 0.0443563)
(0.113281, 0.0463888)
(0.111894, 0.0443563)
(0.113281, 0.487639)
(0.112166, 0.488281)
(0.112166, 0.488281)
(0.109375, 0.489889)
(0.113281, 0.773438)
(0.113281, 0.773438)
(0.113281, 0.773438)
(0.113281, 0.773438)
(0.113281, 0.773438)
(0.111328, 0.777344)
(0.111328, 0.777344)
(0.109375, 0.78125)
(0.113479, 0.0466777)
(0.113281, 0.0463888)
(0.113479, 0.0466777)
(0.113613, 0.046875)
(0.113613, 0.046875)
(0.115064, 0.0489989)
(0.115064, 0.0489989)
(0.116281, 0.0507812)
(0.116281, 0.0507812)
(0.116649, 0.0513199)
(0.117188, 0.0521084)
(0.116649, 0.0513199)
(0.114795, 0.486768)
(0.113281, 0.487639)
(0.117188, 0.485392)
(0.114795, 0.486768)
(0.117188, 0.765625)
(0.117187, 0.765625)
(0.117187, 0.765625)
(0.117187, 0.765625)
(0.117187, 0.765625)
(0.115234, 0.769531)
(0.115234, 0.769531)
(0.113281, 0.773438)
(0.118234, 0.0536406)
(0.117188, 0.0521084)
(0.118234, 0.0536406)
(0.11895, 0.0546875)
(0.11895, 0.0546875)
(0.11982, 0.0559612)
(0.121094, 0.0578246)
(0.11982, 0.0559612)
(0.121094, 0.483148)
(0.118956, 0.484375)
(0.118956, 0.484375)
(0.117188, 0.485392)
(0.121094, 0.757812)
(0.121094, 0.757812)
(0.121094, 0.757812)
(0.121094, 0.757813)
(0.121094, 0.757813)
(0.119141, 0.761719)
(0.119141, 0.761719)
(0.117188, 0.765625)
(0.121406, 0.0582815)
(0.121094, 0.0578246)
(0.121406, 0.0582815)
(0.12162, 0.0585938)
(0.12162, 0.0585938)
(0.122992, 0.0606015)
(0.122992, 0.0606015)
(0.124291, 0.0625)
(0.124291, 0.0625)
(0.124579, 0.0629213)
(0.125, 0.0635373)
(0.124579, 0.0629213)
(0.123973, 0.481496)
(0.121094, 0.483148)
(0.125, 0.480907)
(0.123973, 0.481496)
(0.125, 0.75)
(0.125, 0.75)
(0.125, 0.75)
(0.125, 0.75)
(0.125, 0.75)
(0.123047, 0.753906)
(0.123047, 0.753906)
(0.121094, 0.757812)
(0.126165, 0.0652409)
(0.125, 0.0635373)
(0.126165, 0.0652409)
(0.126963, 0.0664062)
(0.126963, 0.0664062)
(0.127752, 0.0675602)
(0.128906, 0.0692463)
(0.127752, 0.0675602)
(0.128906, 0.47867)
(0.125765, 0.480469)
(0.125765, 0.480469)
(0.125, 0.480907)
(0.128906, 0.742187)
(0.128906, 0.742187)
(0.128906, 0.742187)
(0.128906, 0.742188)
(0.128906, 0.742188)
(0.126953, 0.746094)
(0.126953, 0.746094)
(0.125, 0.75)
(0.129339, 0.0698793)
(0.128906, 0.0692463)
(0.129339, 0.0698793)
(0.129636, 0.0703125)
(0.129636, 0.0703125)
(0.130927, 0.072198)
(0.130927, 0.072198)
(0.132311, 0.0742188)
(0.132311, 0.0742188)
(0.132515, 0.0745166)
(0.132812, 0.0749513)
(0.132515, 0.0745166)
(0.132812, 0.476438)
(0.132594, 0.476562)
(0.132594, 0.476562)
(0.128906, 0.47867)
(0.132812, 0.734375)
(0.132812, 0.734375)
(0.132812, 0.734375)
(0.132812, 0.734375)
(0.132812, 0.734375)
(0.130859, 0.738281)
(0.130859, 0.738281)
(0.128906, 0.742187)
(0.134103, 0.0768348)
(0.132812, 0.0749513)
(0.134103, 0.0768348)
(0.134987, 0.078125)
(0.134987, 0.078125)
(0.135691, 0.0791527)
(0.136719, 0.0806522)
(0.135691, 0.0791527)
(0.133104, 0.476271)
(0.132812, 0.476438)
(0.136719, 0.474209)
(0.133104, 0.476271)
(0.136719, 0.726562)
(0.136719, 0.726562)
(0.136719, 0.726562)
(0.136719, 0.726563)
(0.136719, 0.726563)
(0.134766, 0.730469)
(0.134766, 0.730469)
(0.132812, 0.734375)
(0.13728, 0.0814704)
(0.136719, 0.0806522)
(0.13728, 0.0814704)
(0.137664, 0.0820312)
(0.137664, 0.0820312)
(0.138869, 0.0837877)
(0.138869, 0.0837877)
(0.140343, 0.0859375)
(0.140343, 0.0859375)
(0.140458, 0.0861048)
(0.140625, 0.0863486)
(0.140458, 0.0861048)
(0.140625, 0.471985)
(0.139445, 0.472656)
(0.139445, 0.472656)
(0.136719, 0.474209)
(0.140625, 0.71875)
(0.140625, 0.71875)
(0.140625, 0.71875)
(0.140625, 0.71875)
(0.140625, 0.71875)
(0.138672, 0.722656)
(0.138672, 0.722656)
(0.136719, 0.726562)
(0.142047, 0.0884215)
(0.140625, 0.0863486)
(0.142047, 0.0884215)
(0.143023, 0.0898438)
(0.143023, 0.0898438)
(0.143637, 0.0907379)
(0.144531, 0.0920402)
(0.143637, 0.0907379)
(0.142181, 0.4711)
(0.140625, 0.471985)
(0.144531, 0.469765)
(0.142181, 0.4711)
(0.144531, 0.710937)
(0.144531, 0.710938)
(0.144531, 0.710938)
(0.144531, 0.710938)
(0.144531, 0.710938)
(0.142578, 0.714844)
(0.142578, 0.714844)
(0.140625, 0.71875)
(0.145227, 0.0930539)
(0.144531, 0.0920402)
(0.145227, 0.0930539)
(0.145705, 0.09375)
(0.145705, 0.09375)
(0.146818, 0.0953696)
(0.146818, 0.0953696)
(0.148389, 0.0976562)
(0.148389, 0.0976562)
(0.148409, 0.097685)
(0.148438, 0.0977268)
(0.148409, 0.097685)
(0.148438, 0.467551)
(0.146321, 0.46875)
(0.146321, 0.46875)
(0.144531, 0.469765)
(0.148438, 0.703125)
(0.148437, 0.703125)
(0.148437, 0.703125)
(0.148438, 0.703125)
(0.148438, 0.703125)
(0.146484, 0.707031)
(0.146484, 0.707031)
(0.144531, 0.710937)
(0.15, 0.1)
(0.148438, 0.0977268)
(0.15, 0.1)
(0.151074, 0.101562)
(0.151074, 0.101562)
(0.151592, 0.102315)
(0.152344, 0.103408)
(0.151592, 0.102315)
(0.151199, 0.465989)
(0.148438, 0.467551)
(0.152344, 0.465342)
(0.151199, 0.465989)
(0.152344, 0.695312)
(0.152344, 0.695312)
(0.152344, 0.695312)
(0.152344, 0.695313)
(0.152344, 0.695313)
(0.150391, 0.699219)
(0.150391, 0.699219)
(0.148438, 0.703125)
(0.153184, 0.104629)
(0.152344, 0.103408)
(0.153184, 0.104629)
(0.153762, 0.105469)
(0.153762, 0.105469)
(0.154776, 0.106943)
(0.15625, 0.109084)
(0.154776, 0.106943)
(0.15625, 0.463139)
(0.153226, 0.464844)
(0.153226, 0.464844)
(0.152344, 0.465342)
(0.15625, 0.6875)
(0.15625, 0.6875)
(0.15625, 0.6875)
(0.15625, 0.6875)
(0.15625, 0.6875)
(0.154297, 0.691406)
(0.154297, 0.691406)
(0.152344, 0.695312)
(0.156369, 0.109256)
(0.15625, 0.109084)
(0.156369, 0.109256)
(0.156451, 0.109375)
(0.156451, 0.109375)
(0.157962, 0.111569)
(0.157962, 0.111569)
(0.159142, 0.113281)
(0.159142, 0.113281)
(0.159556, 0.113882)
(0.160156, 0.114753)
(0.159556, 0.113882)
(0.160147, 0.460946)
(0.15625, 0.463139)
(0.160156, 0.460941)
(0.160147, 0.460946)
(0.160156, 0.679687)
(0.160156, 0.679688)
(0.160156, 0.679688)
(0.160156, 0.679688)
(0.160156, 0.679688)
(0.158203, 0.683594)
(0.158203, 0.683594)
(0.15625, 0.6875)
(0.16115, 0.116194)
(0.160156, 0.114753)
(0.16115, 0.116194)
(0.161835, 0.117188)
(0.161835, 0.117188)
(0.162744, 0.118506)
(0.164062, 0.120416)
(0.162744, 0.118506)
(0.164062, 0.458751)
(0.160163, 0.460938)
(0.160163, 0.460938)
(0.160156, 0.460941)
(0.164062, 0.671875)
(0.164062, 0.671875)
(0.164062, 0.671875)
(0.164062, 0.671875)
(0.164062, 0.671875)
(0.162109, 0.675781)
(0.162109, 0.675781)
(0.160156, 0.679687)
(0.164339, 0.120817)
(0.164062, 0.120416)
(0.164339, 0.120817)
(0.16453, 0.121094)
(0.16453, 0.121094)
(0.165935, 0.123128)
(0.165935, 0.123128)
(0.167228, 0.125)
(0.167228, 0.125)
(0.167531, 0.125438)
(0.167969, 0.126072)
(0.167531, 0.125438)
(0.167969, 0.456567)
(0.167137, 0.457031)
(0.167137, 0.457031)
(0.164062, 0.458751)
(0.167969, 0.664062)
(0.167969, 0.664062)
(0.167969, 0.664062)
(0.167969, 0.664063)
(0.167969, 0.664063)
(0.166016, 0.667969)
(0.166016, 0.667969)
(0.164062, 0.671875)
(0.169127, 0.127748)
(0.167969, 0.126072)
(0.169127, 0.127748)
(0.169928, 0.128906)
(0.169928, 0.128906)
(0.170724, 0.130057)
(0.171875, 0.13172)
(0.170724, 0.130057)
(0.169018, 0.455982)
(0.167969, 0.456567)
(0.171875, 0.454391)
(0.169018, 0.455982)
(0.171875, 0.65625)
(0.171875, 0.65625)
(0.171875, 0.65625)
(0.171875, 0.65625)
(0.171875, 0.65625)
(0.169922, 0.660156)
(0.169922, 0.660156)
(0.167969, 0.664062)
(0.172322, 0.132366)
(0.171875, 0.13172)
(0.172322, 0.132366)
(0.172631, 0.132812)
(0.172631, 0.132812)
(0.17392, 0.134674)
(0.17392, 0.134674)
(0.175337, 0.136719)
(0.175337, 0.136719)
(0.175519, 0.136981)
(0.175781, 0.13736)
(0.175519, 0.136981)
(0.175781, 0.452223)
(0.174154, 0.453125)
(0.174154, 0.453125)
(0.171875, 0.454391)
(0.175781, 0.648437)
(0.175781, 0.648438)
(0.175781, 0.648438)
(0.175781, 0.648438)
(0.175781, 0.648438)
(0.173828, 0.652344)
(0.173828, 0.652344)
(0.171875, 0.65625)
(0.177118, 0.139288)
(0.175781, 0.13736)
(0.177118, 0.139288)
(0.178045, 0.140625)
(0.178045, 0.140625)
(0.178718, 0.141595)
(0.179688, 0.142992)
(0.178718, 0.141595)
(0.177801, 0.451105)
(0.175781, 0.452223)
(0.179688, 0.450064)
(0.177801, 0.451105)
(0.179688, 0.640625)
(0.179687, 0.640625)
(0.179687, 0.640625)
(0.179687, 0.640625)
(0.179687, 0.640625)
(0.177734, 0.644531)
(0.177734, 0.644531)
(0.175781, 0.648437)
(0.180318, 0.1439)
(0.179688, 0.142992)
(0.180318, 0.1439)
(0.180756, 0.144531)
(0.180756, 0.144531)
(0.181919, 0.146206)
(0.181919, 0.146206)
(0.183471, 0.148438)
(0.183471, 0.148438)
(0.183521, 0.14851)
(0.183594, 0.148614)
(0.183521, 0.14851)
(0.183594, 0.447914)
(0.18122, 0.449219)
(0.18122, 0.449219)
(0.179688, 0.450064)
(0.183594, 0.632812)
(0.183594, 0.632812)
(0.183594, 0.632812)
(0.183594, 0.632813)
(0.183594, 0.632813)
(0.181641, 0.636719)
(0.181641, 0.636719)
(0.179688, 0.640625)
(0.185124, 0.150814)
(0.183594, 0.148614)
(0.185124, 0.150814)
(0.186189, 0.152344)
(0.186189, 0.152344)
(0.186727, 0.153117)
(0.1875, 0.154226)
(0.186727, 0.153117)
(0.186482, 0.44633)
(0.183594, 0.447914)
(0.1875, 0.445774)
(0.186482, 0.44633)
(0.1875, 0.625)
(0.1875, 0.625)
(0.1875, 0.625)
(0.1875, 0.625)
(0.1875, 0.625)
(0.185547, 0.628906)
(0.185547, 0.628906)
(0.183594, 0.632812)
(0.188331, 0.155419)
(0.1875, 0.154226)
(0.188331, 0.155419)
(0.18891, 0.15625)
(0.18891, 0.15625)
(0.189936, 0.15772)
(0.191406, 0.159827)
(0.189936, 0.15772)
(0.191406, 0.443645)
(0.188345, 0.445312)
(0.188345, 0.445312)
(0.1875, 0.445774)
(0.191406, 0.617187)
(0.191406, 0.617188)
(0.191406, 0.617188)
(0.191406, 0.617188)
(0.191406, 0.617188)
(0.189453, 0.621094)
(0.189453, 0.621094)
(0.1875, 0.625)
(0.191541, 0.160021)
(0.191406, 0.159827)
(0.191541, 0.160021)
(0.191636, 0.160156)
(0.191636, 0.160156)
(0.193148, 0.162321)
(0.193148, 0.162321)
(0.194365, 0.164062)
(0.194365, 0.164062)
(0.194755, 0.16462)
(0.195312, 0.165417)
(0.194755, 0.16462)
(0.195048, 0.441671)
(0.191406, 0.443645)
(0.195312, 0.441528)
(0.195048, 0.441671)
(0.195312, 0.609375)
(0.195312, 0.609375)
(0.195312, 0.609375)
(0.195312, 0.609375)
(0.195312, 0.609375)
(0.193359, 0.613281)
(0.193359, 0.613281)
(0.191406, 0.617187)
(0.196363, 0.166918)
(0.195312, 0.165417)
(0.196363, 0.166918)
(0.197099, 0.167969)
(0.197099, 0.167969)
(0.197972, 0.169215)
(0.199219, 0.170993)
(0.197972, 0.169215)
(0.199219, 0.439424)
(0.195538, 0.441406)
(0.195538, 0.441406)
(0.195312, 0.441528)
(0.199219, 0.601562)
(0.199219, 0.601562)
(0.199219, 0.601562)
(0.199219, 0.601563)
(0.199219, 0.601563)
(0.197266, 0.605469)
(0.197266, 0.605469)
(0.195312, 0.609375)
(0.199582, 0.171511)
(0.199219, 0.170993)
(0.199582, 0.171511)
(0.199838, 0.171875)
(0.199838, 0.171875)
(0.201193, 0.173807)
(0.201193, 0.173807)
(0.202581, 0.175781)
(0.202581, 0.175781)
(0.202805, 0.176101)
(0.203125, 0.176555)
(0.202805, 0.176101)
(0.203125, 0.437334)
(0.202813, 0.4375)
(0.202813, 0.4375)
(0.199219, 0.439424)
(0.203125, 0.59375)
(0.203125, 0.59375)
(0.203125, 0.59375)
(0.203125, 0.59375)
(0.203125, 0.59375)
(0.201172, 0.597656)
(0.201172, 0.597656)
(0.199219, 0.601562)
(0.204419, 0.178394)
(0.203125, 0.176555)
(0.204419, 0.178394)
(0.205329, 0.179688)
(0.205329, 0.179688)
(0.206033, 0.180686)
(0.207031, 0.182102)
(0.206033, 0.180686)
(0.203481, 0.437144)
(0.203125, 0.437334)
(0.207031, 0.435259)
(0.203481, 0.437144)
(0.207031, 0.585937)
(0.207031, 0.585938)
(0.207031, 0.585938)
(0.207031, 0.585938)
(0.207031, 0.585938)
(0.205078, 0.589844)
(0.205078, 0.589844)
(0.203125, 0.59375)
(0.207648, 0.182977)
(0.207031, 0.182102)
(0.207648, 0.182977)
(0.208084, 0.183594)
(0.208084, 0.183594)
(0.209265, 0.185266)
(0.209265, 0.185266)
(0.210844, 0.1875)
(0.210844, 0.1875)
(0.210883, 0.187555)
(0.210938, 0.187632)
(0.210883, 0.187555)
(0.210938, 0.433201)
(0.210189, 0.433594)
(0.210189, 0.433594)
(0.207031, 0.435259)
(0.210938, 0.578125)
(0.210937, 0.578125)
(0.210937, 0.578125)
(0.210937, 0.578125)
(0.210937, 0.578125)
(0.208984, 0.582031)
(0.208984, 0.582031)
(0.207031, 0.585937)
(0.212502, 0.189842)
(0.210938, 0.187632)
(0.212502, 0.189842)
(0.21361, 0.191406)
(0.21361, 0.191406)
(0.214122, 0.192128)
(0.214844, 0.193144)
(0.214122, 0.192128)
(0.211763, 0.432768)
(0.210938, 0.433201)
(0.214844, 0.431161)
(0.211763, 0.432768)
(0.214844, 0.570312)
(0.214844, 0.570312)
(0.214844, 0.570312)
(0.214844, 0.570313)
(0.214844, 0.570313)
(0.212891, 0.574219)
(0.212891, 0.574219)
(0.210938, 0.578125)
(0.215744, 0.194412)
(0.214844, 0.193144)
(0.215744, 0.194412)
(0.216384, 0.195312)
(0.216384, 0.195312)
(0.217368, 0.196695)
(0.21875, 0.198636)
(0.217368, 0.196695)
(0.21875, 0.429142)
(0.21769, 0.429688)
(0.21769, 0.429688)
(0.214844, 0.431161)
(0.21875, 0.5625)
(0.21875, 0.5625)
(0.21875, 0.5625)
(0.21875, 0.5625)
(0.21875, 0.5625)
(0.216797, 0.566406)
(0.216797, 0.566406)
(0.214844, 0.570312)
(0.218992, 0.198976)
(0.21875, 0.198636)
(0.218992, 0.198976)
(0.219165, 0.199219)
(0.219165, 0.199219)
(0.220619, 0.201256)
(0.220619, 0.201256)
(0.221955, 0.203125)
(0.221955, 0.203125)
(0.222247, 0.203534)
(0.222656, 0.204106)
(0.222247, 0.203534)
(0.219872, 0.428565)
(0.21875, 0.429142)
(0.222656, 0.427144)
(0.219872, 0.428565)
(0.222656, 0.554687)
(0.222656, 0.554688)
(0.222656, 0.554688)
(0.222656, 0.554688)
(0.222656, 0.554688)
(0.220703, 0.558594)
(0.220703, 0.558594)
(0.21875, 0.5625)
(0.223877, 0.20581)
(0.222656, 0.204106)
(0.223877, 0.20581)
(0.224753, 0.207031)
(0.224753, 0.207031)
(0.225509, 0.208085)
(0.226562, 0.209551)
(0.225509, 0.208085)
(0.226562, 0.425171)
(0.225349, 0.425781)
(0.225349, 0.425781)
(0.222656, 0.427144)
(0.226562, 0.546875)
(0.226562, 0.546875)
(0.226562, 0.546875)
(0.226562, 0.546875)
(0.226562, 0.546875)
(0.224609, 0.550781)
(0.224609, 0.550781)
(0.222656, 0.554687)
(0.227143, 0.210357)
(0.226562, 0.209551)
(0.227143, 0.210357)
(0.22756, 0.210938)
(0.22756, 0.210938)
(0.228778, 0.212628)
(0.228778, 0.212628)
(0.230378, 0.214844)
(0.230378, 0.214844)
(0.230416, 0.214896)
(0.230469, 0.214969)
(0.230416, 0.214896)
(0.227784, 0.42456)
(0.226562, 0.425171)
(0.230469, 0.423225)
(0.227784, 0.42456)
(0.230469, 0.539062)
(0.230469, 0.539062)
(0.230469, 0.539062)
(0.230469, 0.539063)
(0.230469, 0.539063)
(0.228516, 0.542969)
(0.228516, 0.542969)
(0.226562, 0.546875)
(0.232056, 0.217163)
(0.230469, 0.214969)
(0.232056, 0.217163)
(0.233207, 0.21875)
(0.233207, 0.21875)
(0.233699, 0.219426)
(0.234375, 0.220357)
(0.233699, 0.219426)
(0.234375, 0.42131)
(0.233215, 0.421875)
(0.233215, 0.421875)
(0.230469, 0.423225)
(0.234375, 0.53125)
(0.234375, 0.53125)
(0.234375, 0.53125)
(0.234375, 0.53125)
(0.234375, 0.53125)
(0.232422, 0.535156)
(0.232422, 0.535156)
(0.230469, 0.539062)
(0.235343, 0.221688)
(0.234375, 0.220357)
(0.235343, 0.221688)
(0.236049, 0.222656)
(0.236049, 0.222656)
(0.236991, 0.223947)
(0.238281, 0.225712)
(0.236991, 0.223947)
(0.235473, 0.420777)
(0.234375, 0.42131)
(0.238281, 0.419427)
(0.235473, 0.420777)
(0.238281, 0.523437)
(0.238281, 0.523438)
(0.238281, 0.523438)
(0.238281, 0.523438)
(0.238281, 0.523438)
(0.236328, 0.527344)
(0.236328, 0.527344)
(0.234375, 0.53125)
(0.238641, 0.226203)
(0.238281, 0.225712)
(0.238641, 0.226203)
(0.238904, 0.226562)
(0.238904, 0.226562)
(0.240294, 0.228456)
(0.240294, 0.228456)
(0.241775, 0.230469)
(0.241775, 0.230469)
(0.24195, 0.230706)
(0.242188, 0.231029)
(0.24195, 0.230706)
(0.242188, 0.417582)
(0.241362, 0.417969)
(0.241362, 0.417969)
(0.238281, 0.419427)
(0.242188, 0.515625)
(0.242187, 0.515625)
(0.242187, 0.515625)
(0.242187, 0.515625)
(0.242187, 0.515625)
(0.240234, 0.519531)
(0.240234, 0.519531)
(0.238281, 0.523437)
(0.243609, 0.232954)
(0.242188, 0.231029)
(0.243609, 0.232954)
(0.244662, 0.234375)
(0.244662, 0.234375)
(0.245271, 0.235197)
(0.246094, 0.236304)
(0.245271, 0.235197)
(0.242911, 0.417245)
(0.242188, 0.417582)
(0.246094, 0.415779)
(0.242911, 0.417245)
(0.246094, 0.507812)
(0.246094, 0.507812)
(0.246094, 0.507812)
(0.246094, 0.507813)
(0.246094, 0.507813)
(0.244141, 0.511719)
(0.244141, 0.511719)
(0.242188, 0.515625)
(0.246937, 0.237438)
(0.246094, 0.236304)
(0.246937, 0.237438)
(0.247567, 0.238281)
(0.247567, 0.238281)
(0.248607, 0.239674)
(0.25, 0.241532)
(0.248607, 0.239674)
(0.25, 0.414023)
(0.249911, 0.414062)
(0.249911, 0.414062)
(0.246094, 0.415779)
(0.25, 0.5)
(0.25, 0.5)
(0.25, 0.5)
(0.25, 0.5)
(0.25, 0.5)
(0.248047, 0.503906)
(0.248047, 0.503906)
(0.246094, 0.507812)
(0.250281, 0.241907)
(0.25, 0.241532)
(0.250281, 0.241907)
(0.250492, 0.242188)
(0.250492, 0.242188)
(0.251959, 0.244135)
(0.251959, 0.244135)
(0.253441, 0.246094)
(0.253441, 0.246094)
(0.253641, 0.246359)
(0.253906, 0.246708)
(0.253641, 0.246359)
(0.250071, 0.413992)
(0.25, 0.414023)
(0.253906, 0.41232)
(0.250071, 0.413992)
(0.253906, 0.492187)
(0.253906, 0.492188)
(0.253906, 0.492188)
(0.253906, 0.492188)
(0.253906, 0.492188)
(0.251953, 0.496094)
(0.251953, 0.496094)
(0.25, 0.5)
(0.255329, 0.248578)
(0.253906, 0.246708)
(0.255329, 0.248578)
(0.256415, 0.25)
(0.256415, 0.25)
(0.257021, 0.250792)
(0.257812, 0.251823)
(0.257021, 0.250792)
(0.256924, 0.411045)
(0.253906, 0.41232)
(0.257812, 0.410677)
(0.256924, 0.411045)
(0.257812, 0.484375)
(0.257812, 0.484375)
(0.257812, 0.484375)
(0.257812, 0.484375)
(0.257812, 0.484375)
(0.255859, 0.488281)
(0.255859, 0.488281)
(0.253906, 0.492187)
(0.258718, 0.253)
(0.257812, 0.251823)
(0.258718, 0.253)
(0.259418, 0.253906)
(0.259418, 0.253906)
(0.260422, 0.255203)
(0.261719, 0.256871)
(0.260422, 0.255203)
(0.261719, 0.409101)
(0.259083, 0.410156)
(0.259083, 0.410156)
(0.257812, 0.410677)
(0.261719, 0.476562)
(0.261719, 0.476563)
(0.261719, 0.476563)
(0.261719, 0.476563)
(0.261719, 0.476563)
(0.259766, 0.480469)
(0.259766, 0.480469)
(0.257812, 0.484375)
(0.262131, 0.2574)
(0.261719, 0.256871)
(0.262131, 0.2574)
(0.262454, 0.257812)
(0.262454, 0.257812)
(0.263847, 0.25959)
(0.263847, 0.25959)
(0.265527, 0.261719)
(0.265527, 0.261719)
(0.265571, 0.261773)
(0.265625, 0.261842)
(0.265571, 0.261773)
(0.263447, 0.408428)
(0.261719, 0.409101)
(0.265625, 0.407603)
(0.263447, 0.408428)
(0.265625, 0.46875)
(0.265625, 0.46875)
(0.265625, 0.46875)
(0.265625, 0.46875)
(0.265625, 0.46875)
(0.263672, 0.472656)
(0.263672, 0.472656)
(0.261719, 0.476562)
(0.267301, 0.263949)
(0.265625, 0.261842)
(0.267301, 0.263949)
(0.268645, 0.265625)
(0.268645, 0.265625)
(0.26904, 0.266116)
(0.269531, 0.266725)
(0.26904, 0.266116)
(0.269531, 0.406192)
(0.269364, 0.40625)
(0.269364, 0.40625)
(0.265625, 0.407603)
(0.269531, 0.460937)
(0.269531, 0.460938)
(0.269531, 0.460938)
(0.269531, 0.460938)
(0.269531, 0.460938)
(0.267578, 0.464844)
(0.267578, 0.464844)
(0.265625, 0.46875)
(0.270788, 0.268275)
(0.269531, 0.266725)
(0.270788, 0.268275)
(0.271813, 0.269531)
(0.271813, 0.269531)
(0.272545, 0.270424)
(0.273438, 0.271508)
(0.272545, 0.270424)
(0.269621, 0.40616)
(0.269531, 0.406192)
(0.273438, 0.404881)
(0.269621, 0.40616)
(0.273438, 0.453125)
(0.273437, 0.453125)
(0.273437, 0.453125)
(0.273437, 0.453125)
(0.273437, 0.453125)
(0.271484, 0.457031)
(0.271484, 0.457031)
(0.269531, 0.460937)
(0.274312, 0.272563)
(0.273438, 0.271508)
(0.274312, 0.272563)
(0.27504, 0.273438)
(0.27504, 0.273438)
(0.27609, 0.274691)
(0.277344, 0.276176)
(0.27609, 0.274691)
(0.275433, 0.404255)
(0.273438, 0.404881)
(0.277344, 0.403685)
(0.275433, 0.404255)
(0.277344, 0.445312)
(0.277344, 0.445312)
(0.277344, 0.445312)
(0.277344, 0.445313)
(0.277344, 0.445313)
(0.275391, 0.449219)
(0.275391, 0.449219)
(0.273438, 0.453125)
(0.27788, 0.276807)
(0.277344, 0.276176)
(0.27788, 0.276807)
(0.278338, 0.277344)
(0.278338, 0.277344)
(0.279683, 0.278911)
(0.28125, 0.280714)
(0.279683, 0.278911)
(0.280879, 0.402715)
(0.277344, 0.403685)
(0.28125, 0.40262)
(0.280879, 0.402715)
(0.28125, 0.4375)
(0.28125, 0.4375)
(0.28125, 0.4375)
(0.28125, 0.4375)
(0.28125, 0.4375)
(0.279297, 0.441406)
(0.279297, 0.441406)
(0.277344, 0.445312)
(0.2815, 0.281)
(0.28125, 0.280714)
(0.2815, 0.281)
(0.28172, 0.28125)
(0.28172, 0.28125)
(0.283333, 0.283073)
(0.285156, 0.285101)
(0.283333, 0.283073)
(0.285156, 0.401705)
(0.282359, 0.402344)
(0.282359, 0.402344)
(0.28125, 0.40262)
(0.285156, 0.429687)
(0.285156, 0.429688)
(0.285156, 0.429688)
(0.285156, 0.429688)
(0.285156, 0.429688)
(0.283203, 0.433594)
(0.283203, 0.433594)
(0.28125, 0.4375)
(0.285183, 0.28513)
(0.285156, 0.285101)
(0.285183, 0.28513)
(0.285206, 0.285156)
(0.285206, 0.285156)
(0.28705, 0.287168)
(0.28705, 0.287168)
(0.288822, 0.289062)
(0.288822, 0.289062)
(0.288939, 0.289186)
(0.289062, 0.289317)
(0.288939, 0.289186)
(0.285964, 0.401536)
(0.285156, 0.401705)
(0.289062, 0.400961)
(0.285964, 0.401536)
(0.289062, 0.421875)
(0.289062, 0.421875)
(0.289062, 0.421875)
(0.289062, 0.421875)
(0.289062, 0.421875)
(0.287109, 0.425781)
(0.287109, 0.425781)
(0.285156, 0.429687)
(0.290849, 0.291182)
(0.289062, 0.289317)
(0.290849, 0.291182)
(0.292601, 0.292969)
(0.292601, 0.292969)
(0.292784, 0.293153)
(0.292969, 0.293338)
(0.292784, 0.293153)
(0.290701, 0.400705)
(0.289062, 0.400961)
(0.292969, 0.400412)
(0.290701, 0.400705)
(0.292969, 0.414062)
(0.292969, 0.414062)
(0.292969, 0.414062)
(0.292969, 0.414063)
(0.292969, 0.414063)
(0.291016, 0.417969)
(0.291016, 0.417969)
(0.289062, 0.421875)
(0.294747, 0.295097)
(0.292969, 0.293338)
(0.294747, 0.295097)
(0.296597, 0.296875)
(0.296597, 0.296875)
(0.29674, 0.29701)
(0.296875, 0.297138)
(0.29674, 0.29701)
(0.295109, 0.400203)
(0.292969, 0.400412)
(0.296875, 0.400084)
(0.295109, 0.400203)
(0.296875, 0.40625)
(0.296875, 0.40625)
(0.296875, 0.40625)
(0.296875, 0.40625)
(0.296875, 0.40625)
(0.294922, 0.410156)
(0.294922, 0.410156)
(0.292969, 0.414062)
(0.298766, 0.29889)
(0.296875, 0.297138)
(0.300781, 0.300689)
(0.298766, 0.29889)
(0.300781, 0.398437)
(0.300781, 0.398438)
(0.300781, 0.398438)
(0.296875, 0.400084)
(0.300781, 0.398438)
(0.298828, 0.402344)
(0.298828, 0.402344)
(0.296875, 0.40625)
(0.30083, 0.300732)
(0.300781, 0.300689)
(0.30083, 0.300732)
(0.300887, 0.300781)
(0.300887, 0.300781)
(0.302937, 0.302532)
(0.304688, 0.303963)
(0.302937, 0.302532)
(0.304688, 0.390625)
(0.304687, 0.390625)
(0.304687, 0.390625)
(0.304687, 0.390625)
(0.304687, 0.390625)
(0.302734, 0.394531)
(0.302734, 0.394531)
(0.300781, 0.398437)
(0.303041, 0.400084)
(0.300781, 0.398438)
(0.304688, 0.400203)
(0.303041, 0.400084)
(0.305091, 0.304284)
(0.304688, 0.303963)
(0.305091, 0.304284)
(0.305603, 0.304688)
(0.305603, 0.304688)
(0.307298, 0.305983)
(0.308594, 0.306934)
(0.307298, 0.305983)
(0.308594, 0.382812)
(0.308594, 0.382812)
(0.308594, 0.382812)
(0.308594, 0.382813)
(0.308594, 0.382813)
(0.306641, 0.386719)
(0.306641, 0.386719)
(0.304688, 0.390625)
(0.306619, 0.400412)
(0.304688, 0.400203)
(0.308594, 0.400705)
(0.306619, 0.400412)
(0.309565, 0.307622)
(0.308594, 0.306934)
(0.309565, 0.307622)
(0.310989, 0.308594)
(0.310989, 0.308594)
(0.311901, 0.309192)
(0.3125, 0.309575)
(0.311901, 0.309192)
(0.3125, 0.375)
(0.3125, 0.375)
(0.3125, 0.375)
(0.3125, 0.375)
(0.3125, 0.375)
(0.310547, 0.378906)
(0.310547, 0.378906)
(0.308594, 0.382812)
(0.309977, 0.400961)
(0.308594, 0.400705)
(0.3125, 0.401536)
(0.309977, 0.400961)
(0.314315, 0.310685)
(0.3125, 0.309575)
(0.316406, 0.311869)
(0.314315, 0.310685)
(0.316406, 0.367187)
(0.316406, 0.367188)
(0.316406, 0.367188)
(0.316406, 0.367188)
(0.316406, 0.367188)
(0.314453, 0.371094)
(0.314453, 0.371094)
(0.3125, 0.375)
(0.313139, 0.401705)
(0.3125, 0.401536)
(0.313139, 0.401705)
(0.315297, 0.402344)
(0.315297, 0.402344)
(0.31613, 0.40262)
(0.316406, 0.402715)
(0.31613, 0.40262)
(0.316817, 0.312089)
(0.316406, 0.311869)
(0.316817, 0.312089)
(0.317604, 0.3125)
(0.317604, 0.3125)
(0.319421, 0.313392)
(0.320312, 0.313801)
(0.319421, 0.313392)
(0.320312, 0.359375)
(0.320312, 0.359375)
(0.320312, 0.359375)
(0.320312, 0.359375)
(0.320312, 0.359375)
(0.318359, 0.363281)
(0.318359, 0.363281)
(0.316406, 0.367187)
(0.318971, 0.403685)
(0.316406, 0.402715)
(0.320312, 0.404255)
(0.318971, 0.403685)
(0.32214, 0.314579)
(0.320312, 0.313801)
(0.324219, 0.315367)
(0.32214, 0.314579)
(0.324219, 0.351562)
(0.324219, 0.351562)
(0.324219, 0.351562)
(0.324219, 0.351563)
(0.324219, 0.351563)
(0.322266, 0.355469)
(0.322266, 0.355469)
(0.320312, 0.359375)
(0.321681, 0.404881)
(0.320312, 0.404255)
(0.324219, 0.40616)
(0.321681, 0.404881)
(0.324991, 0.315634)
(0.324219, 0.315367)
(0.324991, 0.315634)
(0.327511, 0.316406)
(0.327511, 0.316406)
(0.327994, 0.316537)
(0.328125, 0.316572)
(0.327994, 0.316537)
(0.328125, 0.34375)
(0.328125, 0.34375)
(0.328125, 0.34375)
(0.328125, 0.34375)
(0.328125, 0.34375)
(0.326172, 0.347656)
(0.326172, 0.347656)
(0.324219, 0.351562)
(0.324277, 0.406192)
(0.324219, 0.40616)
(0.324277, 0.406192)
(0.324386, 0.40625)
(0.324386, 0.40625)
(0.326772, 0.407603)
(0.328125, 0.408428)
(0.326772, 0.407603)
(0.33117, 0.317268)
(0.328125, 0.316572)
(0.332031, 0.317427)
(0.33117, 0.317268)
(0.332031, 0.335937)
(0.332031, 0.335938)
(0.332031, 0.335938)
(0.332031, 0.335938)
(0.332031, 0.335938)
(0.330078, 0.339844)
(0.330078, 0.339844)
(0.328125, 0.34375)
(0.32918, 0.409101)
(0.328125, 0.408428)
(0.32918, 0.409101)
(0.330761, 0.410156)
(0.330761, 0.410156)
(0.331511, 0.410677)
(0.332031, 0.411045)
(0.331511, 0.410677)
(0.334542, 0.317801)
(0.332031, 0.317427)
(0.335938, 0.317953)
(0.334542, 0.317801)
(0.335938, 0.328125)
(0.335937, 0.328125)
(0.335937, 0.328125)
(0.335937, 0.328125)
(0.335937, 0.328125)
(0.333984, 0.332031)
(0.333984, 0.332031)
(0.332031, 0.335937)
(0.333774, 0.41232)
(0.332031, 0.411045)
(0.335938, 0.413992)
(0.333774, 0.41232)
(0.338138, 0.318112)
(0.335938, 0.317953)
(0.338138, 0.318112)
(0.339844, 0.320312)
(0.339844, 0.320312)
(0.339844, 0.320313)
(0.339844, 0.320313)
(0.337891, 0.324219)
(0.337891, 0.324219)
(0.335938, 0.328125)
(0.335977, 0.414023)
(0.335938, 0.413992)
(0.335977, 0.414023)
(0.336026, 0.414062)
(0.336026, 0.414062)
(0.338127, 0.415779)
(0.339844, 0.417245)
(0.338127, 0.415779)
(0.34375, 0.3125)
(0.341797, 0.316406)
(0.341797, 0.316406)
(0.339844, 0.320312)
(0.34375, 0.318112)
(0.339844, 0.320312)
(0.34023, 0.417582)
(0.339844, 0.417245)
(0.34023, 0.417582)
(0.340669, 0.417969)
(0.340669, 0.417969)
(0.342291, 0.419427)
(0.34375, 0.420777)
(0.342291, 0.419427)
(0.347656, 0.304688)
(0.345703, 0.308594)
(0.345703, 0.308594)
(0.34375, 0.3125)
(0.34375, 0.3125)
(0.34375, 0.3125)
(0.34375, 0.3125)
(0.34375, 0.3125)
(0.34611, 0.317953)
(0.34375, 0.318112)
(0.347656, 0.317801)
(0.34611, 0.317953)
(0.344315, 0.42131)
(0.34375, 0.420777)
(0.344315, 0.42131)
(0.34491, 0.421875)
(0.34491, 0.421875)
(0.346306, 0.423225)
(0.347656, 0.42456)
(0.346306, 0.423225)
(0.351562, 0.296875)
(0.349609, 0.300781)
(0.349609, 0.300781)
(0.347656, 0.304687)
(0.347656, 0.304687)
(0.347656, 0.304688)
(0.347656, 0.304688)
(0.347656, 0.304688)
(0.350541, 0.317427)
(0.347656, 0.317801)
(0.351562, 0.317268)
(0.350541, 0.317427)
(0.348266, 0.425171)
(0.347656, 0.42456)
(0.348266, 0.425171)
(0.34887, 0.425781)
(0.34887, 0.425781)
(0.3502, 0.427144)
(0.351562, 0.428565)
(0.3502, 0.427144)
(0.355469, 0.289063)
(0.353516, 0.292969)
(0.353516, 0.292969)
(0.351563, 0.296875)
(0.351563, 0.296875)
(0.351563, 0.296875)
(0.351563, 0.296875)
(0.351562, 0.296875)
(0.355303, 0.316572)
(0.351562, 0.317268)
(0.355469, 0.316537)
(0.355303, 0.316572)
(0.352108, 0.429142)
(0.351562, 0.428565)
(0.352108, 0.429142)
(0.352623, 0.429688)
(0.352623, 0.429688)
(0.353995, 0.431161)
(0.355469, 0.432768)
(0.353995, 0.431161)
(0.359375, 0.28125)
(0.357422, 0.285156)
(0.357422, 0.285156)
(0.355469, 0.289062)
(0.355469, 0.289062)
(0.355469, 0.289062)
(0.355469, 0.289062)
(0.355469, 0.289063)
(0.359375, 0.315634)
(0.356083, 0.316406)
(0.356083, 0.316406)
(0.355469, 0.316537)
(0.355862, 0.433201)
(0.355469, 0.432768)
(0.355862, 0.433201)
(0.356217, 0.433594)
(0.356217, 0.433594)
(0.35771, 0.435259)
(0.359375, 0.437144)
(0.35771, 0.435259)
(0.363281, 0.273438)
(0.361328, 0.277344)
(0.361328, 0.277344)
(0.359375, 0.28125)
(0.359375, 0.28125)
(0.359375, 0.28125)
(0.359375, 0.28125)
(0.359375, 0.28125)
(0.360414, 0.315367)
(0.359375, 0.315634)
(0.363281, 0.314579)
(0.360414, 0.315367)
(0.359541, 0.437334)
(0.359375, 0.437144)
(0.359541, 0.437334)
(0.359687, 0.4375)
(0.359687, 0.4375)
(0.361357, 0.439424)
(0.361357, 0.439424)
(0.363056, 0.441406)
(0.363056, 0.441406)
(0.36316, 0.441528)
(0.363281, 0.441671)
(0.36316, 0.441528)
(0.367188, 0.265625)
(0.365234, 0.269531)
(0.365234, 0.269531)
(0.363281, 0.273437)
(0.363281, 0.273437)
(0.363281, 0.273438)
(0.363281, 0.273438)
(0.363281, 0.273438)
(0.365887, 0.313801)
(0.363281, 0.314579)
(0.367188, 0.313392)
(0.365887, 0.313801)
(0.364949, 0.443645)
(0.363281, 0.441671)
(0.364949, 0.443645)
(0.366343, 0.445312)
(0.366343, 0.445312)
(0.366726, 0.445774)
(0.367188, 0.44633)
(0.366726, 0.445774)
(0.371094, 0.257813)
(0.369141, 0.261719)
(0.369141, 0.261719)
(0.367188, 0.265625)
(0.367188, 0.265625)
(0.367188, 0.265625)
(0.367188, 0.265625)
(0.367188, 0.265625)
(0.371094, 0.312089)
(0.369896, 0.3125)
(0.369896, 0.3125)
(0.367188, 0.313392)
(0.368493, 0.447914)
(0.367188, 0.44633)
(0.368493, 0.447914)
(0.369561, 0.449219)
(0.369561, 0.449219)
(0.370249, 0.450064)
(0.371094, 0.451105)
(0.370249, 0.450064)
(0.375, 0.25)
(0.373047, 0.253906)
(0.373047, 0.253906)
(0.371094, 0.257812)
(0.371094, 0.257812)
(0.371094, 0.257812)
(0.371094, 0.257812)
(0.371094, 0.257813)
(0.371725, 0.311869)
(0.371094, 0.312089)
(0.375, 0.310685)
(0.371725, 0.311869)
(0.371996, 0.452223)
(0.371094, 0.451105)
(0.371996, 0.452223)
(0.372721, 0.453125)
(0.372721, 0.453125)
(0.373734, 0.454391)
(0.375, 0.455982)
(0.373734, 0.454391)
(0.378906, 0.242188)
(0.376953, 0.246094)
(0.376953, 0.246094)
(0.375, 0.25)
(0.375, 0.25)
(0.375, 0.25)
(0.375, 0.25)
(0.375, 0.25)
(0.377925, 0.309575)
(0.375, 0.310685)
(0.378906, 0.309192)
(0.377925, 0.309575)
(0.375464, 0.456567)
(0.375, 0.455982)
(0.375464, 0.456567)
(0.375831, 0.457031)
(0.375831, 0.457031)
(0.377187, 0.458751)
(0.377187, 0.458751)
(0.378899, 0.460938)
(0.378899, 0.460938)
(0.378902, 0.460941)
(0.378906, 0.460946)
(0.378902, 0.460941)
(0.382812, 0.234375)
(0.380859, 0.238281)
(0.380859, 0.238281)
(0.378906, 0.242187)
(0.378906, 0.242187)
(0.378906, 0.242188)
(0.378906, 0.242188)
(0.378906, 0.242188)
(0.382812, 0.307622)
(0.380417, 0.308594)
(0.380417, 0.308594)
(0.378906, 0.309192)
(0.380611, 0.463139)
(0.378906, 0.460946)
(0.380611, 0.463139)
(0.38193, 0.464844)
(0.38193, 0.464844)
(0.382314, 0.465342)
(0.382812, 0.465989)
(0.382314, 0.465342)
(0.386719, 0.226563)
(0.384766, 0.230469)
(0.384766, 0.230469)
(0.382813, 0.234375)
(0.382813, 0.234375)
(0.382813, 0.234375)
(0.382813, 0.234375)
(0.382812, 0.234375)
(0.384473, 0.306934)
(0.382812, 0.307622)
(0.386719, 0.305983)
(0.384473, 0.306934)
(0.384012, 0.467551)
(0.382812, 0.465989)
(0.384012, 0.467551)
(0.384929, 0.46875)
(0.384929, 0.46875)
(0.385703, 0.469765)
(0.386719, 0.4711)
(0.385703, 0.469765)
(0.390625, 0.21875)
(0.388672, 0.222656)
(0.388672, 0.222656)
(0.386719, 0.226562)
(0.386719, 0.226562)
(0.386719, 0.226562)
(0.386719, 0.226562)
(0.386719, 0.226563)
(0.390625, 0.304284)
(0.38971, 0.304688)
(0.38971, 0.304688)
(0.386719, 0.305983)
(0.38739, 0.471985)
(0.386719, 0.4711)
(0.38739, 0.471985)
(0.387899, 0.472656)
(0.387899, 0.472656)
(0.389072, 0.474209)
(0.390625, 0.476271)
(0.389072, 0.474209)
(0.394531, 0.210938)
(0.392578, 0.214844)
(0.392578, 0.214844)
(0.390625, 0.21875)
(0.390625, 0.21875)
(0.390625, 0.21875)
(0.390625, 0.21875)
(0.390625, 0.21875)
(0.391349, 0.303963)
(0.390625, 0.304284)
(0.394531, 0.302532)
(0.391349, 0.303963)
(0.39075, 0.476438)
(0.390625, 0.476271)
(0.39075, 0.476438)
(0.390844, 0.476562)
(0.390844, 0.476562)
(0.392423, 0.47867)
(0.392423, 0.47867)
(0.393766, 0.480469)
(0.393766, 0.480469)
(0.394093, 0.480907)
(0.394531, 0.481496)
(0.394093, 0.480907)
(0.398438, 0.203125)
(0.396484, 0.207031)
(0.396484, 0.207031)
(0.394531, 0.210937)
(0.394531, 0.210937)
(0.394531, 0.210938)
(0.394531, 0.210938)
(0.394531, 0.210938)
(0.398438, 0.300732)
(0.398332, 0.300781)
(0.398332, 0.300781)
(0.394531, 0.302532)
(0.395759, 0.483148)
(0.394531, 0.481496)
(0.395759, 0.483148)
(0.396669, 0.484375)
(0.396669, 0.484375)
(0.397421, 0.485392)
(0.398438, 0.486768)
(0.397421, 0.485392)
(0.402344, 0.195313)
(0.400391, 0.199219)
(0.400391, 0.199219)
(0.398438, 0.203125)
(0.398438, 0.203125)
(0.398438, 0.203125)
(0.398438, 0.203125)
(0.398438, 0.203125)
(0.39853, 0.300689)
(0.398438, 0.300732)
(0.402344, 0.29889)
(0.39853, 0.300689)
(0.39908, 0.487639)
(0.398438, 0.486768)
(0.39908, 0.487639)
(0.399553, 0.488281)
(0.399553, 0.488281)
(0.400736, 0.489889)
(0.402344, 0.492082)
(0.400736, 0.489889)
(0.40625, 0.1875)
(0.404297, 0.191406)
(0.404297, 0.191406)
(0.402344, 0.195312)
(0.402344, 0.195312)
(0.402344, 0.195312)
(0.402344, 0.195312)
(0.402344, 0.195313)
(0.405987, 0.297138)
(0.402344, 0.29889)
(0.40625, 0.29701)
(0.405987, 0.297138)
(0.402388, 0.492143)
(0.402344, 0.492082)
(0.402388, 0.492143)
(0.402421, 0.492188)
(0.402421, 0.492188)
(0.404038, 0.494399)
(0.404038, 0.494399)
(0.405274, 0.496094)
(0.405274, 0.496094)
(0.405685, 0.496658)
(0.40625, 0.497434)
(0.405685, 0.496658)
(0.410156, 0.179688)
(0.408203, 0.183594)
(0.408203, 0.183594)
(0.40625, 0.1875)
(0.40625, 0.1875)
(0.40625, 0.1875)
(0.40625, 0.1875)
(0.40625, 0.1875)
(0.410156, 0.295097)
(0.406528, 0.296875)
(0.406528, 0.296875)
(0.40625, 0.29701)
(0.40733, 0.49892)
(0.40625, 0.497434)
(0.40733, 0.49892)
(0.408114, 0.5)
(0.408114, 0.5)
(0.408972, 0.501184)
(0.410156, 0.50282)
(0.408972, 0.501184)
(0.414062, 0.171875)
(0.412109, 0.175781)
(0.412109, 0.175781)
(0.410156, 0.179687)
(0.410156, 0.179687)
(0.410156, 0.179688)
(0.410156, 0.179688)
(0.410156, 0.179688)
(0.413693, 0.293338)
(0.410156, 0.295097)
(0.414062, 0.293153)
(0.413693, 0.293338)
(0.410612, 0.50345)
(0.410156, 0.50282)
(0.410612, 0.50345)
(0.410941, 0.503906)
(0.410941, 0.503906)
(0.41225, 0.505719)
(0.41225, 0.505719)
(0.413758, 0.507812)
(0.413758, 0.507812)
(0.413885, 0.50799)
(0.414062, 0.508236)
(0.413885, 0.50799)
(0.417969, 0.164063)
(0.416016, 0.167969)
(0.416016, 0.167969)
(0.414063, 0.171875)
(0.414063, 0.171875)
(0.414063, 0.171875)
(0.414063, 0.171875)
(0.414062, 0.171875)
(0.417969, 0.291182)
(0.41443, 0.292969)
(0.41443, 0.292969)
(0.414062, 0.293153)
(0.415519, 0.510262)
(0.414062, 0.508236)
(0.415519, 0.510262)
(0.416564, 0.511719)
(0.416564, 0.511719)
(0.417151, 0.512537)
(0.417969, 0.513679)
(0.417151, 0.512537)
(0.421875, 0.15625)
(0.419922, 0.160156)
(0.419922, 0.160156)
(0.417969, 0.164062)
(0.417969, 0.164062)
(0.417969, 0.164062)
(0.417969, 0.164062)
(0.417969, 0.164063)
(0.42162, 0.289317)
(0.417969, 0.291182)
(0.421875, 0.289186)
(0.42162, 0.289317)
(0.41878, 0.514813)
(0.417969, 0.513679)
(0.41878, 0.514813)
(0.419361, 0.515625)
(0.419361, 0.515625)
(0.420408, 0.517092)
(0.421875, 0.519147)
(0.420408, 0.517092)
(0.425781, 0.148438)
(0.423828, 0.152344)
(0.423828, 0.152344)
(0.421875, 0.15625)
(0.421875, 0.15625)
(0.421875, 0.15625)
(0.421875, 0.15625)
(0.421875, 0.15625)
(0.425781, 0.287168)
(0.422116, 0.289062)
(0.422116, 0.289062)
(0.421875, 0.289186)
(0.422035, 0.519371)
(0.421875, 0.519147)
(0.422035, 0.519371)
(0.422149, 0.519531)
(0.422149, 0.519531)
(0.42366, 0.521653)
(0.42366, 0.521653)
(0.424929, 0.523438)
(0.424929, 0.523438)
(0.425283, 0.523936)
(0.425781, 0.524637)
(0.425283, 0.523936)
(0.429688, 0.140625)
(0.427734, 0.144531)
(0.427734, 0.144531)
(0.425781, 0.148437)
(0.425781, 0.148437)
(0.425781, 0.148438)
(0.425781, 0.148438)
(0.425781, 0.148438)
(0.429688, 0.28513)
(0.429637, 0.285156)
(0.429637, 0.285156)
(0.425781, 0.287168)
(0.426905, 0.52622)
(0.425781, 0.524637)
(0.426905, 0.52622)
(0.427701, 0.527344)
(0.427701, 0.527344)
(0.428525, 0.528506)
(0.429688, 0.530148)
(0.428525, 0.528506)
(0.433594, 0.132813)
(0.431641, 0.136719)
(0.431641, 0.136719)
(0.429688, 0.140625)
(0.429688, 0.140625)
(0.429688, 0.140625)
(0.429688, 0.140625)
(0.429688, 0.140625)
(0.429743, 0.285101)
(0.429688, 0.28513)
(0.433594, 0.283073)
(0.429743, 0.285101)
(0.430144, 0.530793)
(0.429688, 0.530148)
(0.430144, 0.530793)
(0.430467, 0.53125)
(0.430467, 0.53125)
(0.431762, 0.533082)
(0.431762, 0.533082)
(0.433226, 0.535156)
(0.433226, 0.535156)
(0.433378, 0.535372)
(0.433594, 0.535677)
(0.433378, 0.535372)
(0.4375, 0.125)
(0.435547, 0.128906)
(0.435547, 0.128906)
(0.433594, 0.132812)
(0.433594, 0.132812)
(0.433594, 0.132812)
(0.433594, 0.132812)
(0.433594, 0.132813)
(0.4375, 0.281)
(0.43703, 0.28125)
(0.43703, 0.28125)
(0.433594, 0.283073)
(0.434994, 0.537663)
(0.433594, 0.535677)
(0.434994, 0.537663)
(0.43598, 0.539062)
(0.43598, 0.539062)
(0.436608, 0.539955)
(0.4375, 0.541223)
(0.436608, 0.539955)
(0.441406, 0.117188)
(0.439453, 0.121094)
(0.439453, 0.121094)
(0.4375, 0.125)
(0.4375, 0.125)
(0.4375, 0.125)
(0.4375, 0.125)
(0.4375, 0.125)
(0.438036, 0.280714)
(0.4375, 0.281)
(0.441406, 0.278911)
(0.438036, 0.280714)
(0.438221, 0.542248)
(0.4375, 0.541223)
(0.438221, 0.542248)
(0.438728, 0.542969)
(0.438728, 0.542969)
(0.439833, 0.544542)
(0.441406, 0.546784)
(0.439833, 0.544542)
(0.445312, 0.109375)
(0.443359, 0.113281)
(0.443359, 0.113281)
(0.441406, 0.117187)
(0.441406, 0.117187)
(0.441406, 0.117188)
(0.441406, 0.117188)
(0.441406, 0.117188)
(0.445312, 0.276807)
(0.444319, 0.277344)
(0.444319, 0.277344)
(0.441406, 0.278911)
(0.441444, 0.546837)
(0.441406, 0.546784)
(0.441444, 0.546837)
(0.44147, 0.546875)
(0.44147, 0.546875)
(0.443054, 0.549134)
(0.443054, 0.549134)
(0.444208, 0.550781)
(0.444208, 0.550781)
(0.444663, 0.551431)
(0.445312, 0.552359)
(0.444663, 0.551431)
(0.449219, 0.101563)
(0.447266, 0.105469)
(0.447266, 0.105469)
(0.445313, 0.109375)
(0.445313, 0.109375)
(0.445313, 0.109375)
(0.445313, 0.109375)
(0.445312, 0.109375)
(0.44648, 0.276176)
(0.445312, 0.276807)
(0.449219, 0.274691)
(0.44648, 0.276176)
(0.446271, 0.553729)
(0.445312, 0.552359)
(0.453125, 0.09375)
(0.451172, 0.0976562)
(0.451172, 0.0976562)
(0.449219, 0.101562)
(0.449219, 0.101562)
(0.449219, 0.101562)
(0.449219, 0.101562)
(0.449219, 0.101563)
(0.453125, 0.272563)
(0.451523, 0.273438)
(0.451523, 0.273438)
(0.449219, 0.274691)
(0.457031, 0.0859375)
(0.455078, 0.0898438)
(0.455078, 0.0898438)
(0.453125, 0.09375)
(0.453125, 0.09375)
(0.453125, 0.09375)
(0.453125, 0.09375)
(0.453125, 0.09375)
(0.455055, 0.271508)
(0.453125, 0.272563)
(0.457031, 0.270424)
(0.455055, 0.271508)
(0.460938, 0.078125)
(0.458984, 0.0820312)
(0.458984, 0.0820312)
(0.457031, 0.0859375)
(0.457031, 0.0859375)
(0.457031, 0.0859375)
(0.457031, 0.0859375)
(0.457031, 0.0859375)
(0.460938, 0.268275)
(0.458656, 0.269531)
(0.458656, 0.269531)
(0.457031, 0.270424)
(0.464844, 0.0703125)
(0.462891, 0.0742188)
(0.462891, 0.0742188)
(0.460938, 0.078125)
(0.460938, 0.078125)
(0.460938, 0.078125)
(0.460938, 0.078125)
(0.460938, 0.078125)
(0.463744, 0.266725)
(0.460938, 0.268275)
(0.464844, 0.266116)
(0.463744, 0.266725)
(0.46875, 0.0625)
(0.466797, 0.0664062)
(0.466797, 0.0664062)
(0.464844, 0.0703125)
(0.464844, 0.0703125)
(0.464844, 0.0703125)
(0.464844, 0.0703125)
(0.464844, 0.0703125)
(0.46875, 0.263949)
(0.46573, 0.265625)
(0.46573, 0.265625)
(0.464844, 0.266116)
(0.472656, 0.0546875)
(0.470703, 0.0585938)
(0.470703, 0.0585938)
(0.46875, 0.0625)
(0.46875, 0.0625)
(0.46875, 0.0625)
(0.46875, 0.0625)
(0.46875, 0.0625)
(0.472533, 0.261842)
(0.46875, 0.263949)
(0.472656, 0.261773)
(0.472533, 0.261842)
(0.476562, 0.046875)
(0.474609, 0.0507812)
(0.474609, 0.0507812)
(0.472656, 0.0546875)
(0.472656, 0.0546875)
(0.472656, 0.0546875)
(0.472656, 0.0546875)
(0.472656, 0.0546875)
(0.476562, 0.25959)
(0.472754, 0.261719)
(0.472754, 0.261719)
(0.472656, 0.261773)
(0.480469, 0.0390625)
(0.478516, 0.0429688)
(0.478516, 0.0429688)
(0.476563, 0.046875)
(0.476563, 0.046875)
(0.476563, 0.046875)
(0.476563, 0.046875)
(0.476562, 0.046875)
(0.480469, 0.2574)
(0.479734, 0.257812)
(0.479734, 0.257812)
(0.476562, 0.25959)
(0.484375, 0.03125)
(0.482422, 0.0351562)
(0.482422, 0.0351562)
(0.480469, 0.0390625)
(0.480469, 0.0390625)
(0.480469, 0.0390625)
(0.480469, 0.0390625)
(0.480469, 0.0390625)
(0.48141, 0.256871)
(0.480469, 0.2574)
(0.484375, 0.255203)
(0.48141, 0.256871)
(0.488281, 0.0234375)
(0.486328, 0.0273438)
(0.486328, 0.0273438)
(0.484375, 0.03125)
(0.484375, 0.03125)
(0.484375, 0.03125)
(0.484375, 0.03125)
(0.484375, 0.03125)
(0.488281, 0.253)
(0.486676, 0.253906)
(0.486676, 0.253906)
(0.484375, 0.255203)
(0.492188, 0.015625)
(0.490234, 0.0195312)
(0.490234, 0.0195312)
(0.488281, 0.0234375)
(0.488281, 0.0234375)
(0.488281, 0.0234375)
(0.488281, 0.0234375)
(0.488281, 0.0234375)
(0.490364, 0.251823)
(0.488281, 0.253)
(0.492188, 0.250792)
(0.490364, 0.251823)
(0.496094, 0.0078125)
(0.494141, 0.0117188)
(0.494141, 0.0117188)
(0.492188, 0.015625)
(0.492188, 0.015625)
(0.492188, 0.015625)
(0.492188, 0.015625)
(0.492188, 0.015625)
(0.496094, 0.248578)
(0.493585, 0.25)
(0.493585, 0.25)
(0.492188, 0.250792)
(0.5, 8.79261e-17)
(0.498047, 0.00390625)
(0.498047, 0.00390625)
(0.496094, 0.0078125)
(0.496094, 0.0078125)
(0.496094, 0.0078125)
(0.496094, 0.0078125)
(0.496094, 0.0078125)
(0.499386, 0.246708)
(0.496094, 0.248578)
(0.5, 0.246359)
(0.499386, 0.246708)
(0.5, 0)
(0.5, 8.79261e-17)
(0.503906, 0.244135)
(0.500466, 0.246094)
(0.500466, 0.246094)
(0.5, 0.246359)
(0.507812, 0.241907)
(0.50732, 0.242188)
(0.50732, 0.242188)
(0.503906, 0.244135)
(0.508468, 0.241532)
(0.507812, 0.241907)
(0.511719, 0.239674)
(0.508468, 0.241532)
(0.515625, 0.237438)
(0.514152, 0.238281)
(0.514152, 0.238281)
(0.511719, 0.239674)
(0.517602, 0.236304)
(0.515625, 0.237438)
(0.519531, 0.235197)
(0.517602, 0.236304)
(0.523438, 0.232954)
(0.520963, 0.234375)
(0.520963, 0.234375)
(0.519531, 0.235197)
(0.526784, 0.231029)
(0.523438, 0.232954)
(0.527344, 0.230706)
(0.526784, 0.231029)
(0.53125, 0.228456)
(0.527757, 0.230469)
(0.527757, 0.230469)
(0.527344, 0.230706)
(0.535156, 0.226203)
(0.534533, 0.226562)
(0.534533, 0.226562)
(0.53125, 0.228456)
(0.536007, 0.225712)
(0.535156, 0.226203)
(0.539062, 0.223947)
(0.536007, 0.225712)
(0.542969, 0.221688)
(0.541295, 0.222656)
(0.541295, 0.222656)
(0.539062, 0.223947)
(0.545268, 0.220357)
(0.542969, 0.221688)
(0.546875, 0.219426)
(0.545268, 0.220357)
(0.550781, 0.217163)
(0.548043, 0.21875)
(0.548043, 0.21875)
(0.546875, 0.219426)
(0.554562, 0.214969)
(0.550781, 0.217163)
(0.554688, 0.214896)
(0.554562, 0.214969)
(0.558594, 0.212628)
(0.554778, 0.214844)
(0.554778, 0.214844)
(0.554688, 0.214896)
(0.5625, 0.210357)
(0.561502, 0.210938)
(0.561502, 0.210938)
(0.558594, 0.212628)
(0.563887, 0.209551)
(0.5625, 0.210357)
(0.566406, 0.208085)
(0.563887, 0.209551)
(0.570312, 0.20581)
(0.568216, 0.207031)
(0.568216, 0.207031)
(0.566406, 0.208085)
(0.573238, 0.204106)
(0.570312, 0.20581)
(0.574219, 0.203534)
(0.573238, 0.204106)
(0.578125, 0.201256)
(0.57492, 0.203125)
(0.57492, 0.203125)
(0.574219, 0.203534)
(0.582031, 0.198976)
(0.581616, 0.199219)
(0.581616, 0.199219)
(0.578125, 0.201256)
(0.582614, 0.198636)
(0.582031, 0.198976)
(0.585938, 0.196695)
(0.582614, 0.198636)
(0.589844, 0.194412)
(0.588303, 0.195312)
(0.588303, 0.195312)
(0.585938, 0.196695)
(0.592012, 0.193144)
(0.589844, 0.194412)
(0.59375, 0.192128)
(0.592012, 0.193144)
(0.597656, 0.189842)
(0.594983, 0.191406)
(0.594983, 0.191406)
(0.59375, 0.192128)
(0.60143, 0.187632)
(0.597656, 0.189842)
(0.601562, 0.187555)
(0.60143, 0.187632)
(0.605469, 0.185266)
(0.601656, 0.1875)
(0.601656, 0.1875)
(0.601562, 0.187555)
(0.609375, 0.182977)
(0.608323, 0.183594)
(0.608323, 0.183594)
(0.605469, 0.185266)
(0.610867, 0.182102)
(0.609375, 0.182977)
(0.613281, 0.180686)
(0.610867, 0.182102)
(0.617188, 0.178394)
(0.614983, 0.179688)
(0.614983, 0.179688)
(0.613281, 0.180686)
(0.62032, 0.176555)
(0.617188, 0.178394)
(0.621094, 0.176101)
(0.62032, 0.176555)
(0.625, 0.173807)
(0.621638, 0.175781)
(0.621638, 0.175781)
(0.621094, 0.176101)
(0.628906, 0.171511)
(0.628287, 0.171875)
(0.628287, 0.171875)
(0.625, 0.173807)
(0.629788, 0.170993)
(0.628906, 0.171511)
(0.632812, 0.169215)
(0.629788, 0.170993)
(0.636719, 0.166918)
(0.634932, 0.167969)
(0.634932, 0.167969)
(0.632812, 0.169215)
(0.639271, 0.165417)
(0.636719, 0.166918)
(0.640625, 0.16462)
(0.639271, 0.165417)
(0.644531, 0.162321)
(0.641572, 0.164062)
(0.641572, 0.164062)
(0.640625, 0.16462)
(0.648438, 0.160021)
(0.648208, 0.160156)
(0.648208, 0.160156)
(0.644531, 0.162321)
(0.648766, 0.159827)
(0.648438, 0.160021)
(0.652344, 0.15772)
(0.648766, 0.159827)
(0.65625, 0.155419)
(0.65484, 0.15625)
(0.65484, 0.15625)
(0.652344, 0.15772)
(0.658274, 0.154226)
(0.65625, 0.155419)
(0.660156, 0.153117)
(0.658274, 0.154226)
(0.664062, 0.150814)
(0.661467, 0.152344)
(0.661467, 0.152344)
(0.660156, 0.153117)
(0.667792, 0.148614)
(0.664062, 0.150814)
(0.667969, 0.14851)
(0.667792, 0.148614)
(0.671875, 0.146206)
(0.668092, 0.148438)
(0.668092, 0.148438)
(0.667969, 0.14851)
(0.675781, 0.1439)
(0.674712, 0.144531)
(0.674712, 0.144531)
(0.671875, 0.146206)
(0.677321, 0.142992)
(0.675781, 0.1439)
(0.679688, 0.141595)
(0.677321, 0.142992)
(0.683594, 0.139288)
(0.68133, 0.140625)
(0.68133, 0.140625)
(0.679688, 0.141595)
(0.686858, 0.13736)
(0.683594, 0.139288)
(0.6875, 0.136981)
(0.686858, 0.13736)
(0.691406, 0.134674)
(0.687945, 0.136719)
(0.687945, 0.136719)
(0.6875, 0.136981)
(0.695312, 0.132366)
(0.694556, 0.132812)
(0.694556, 0.132812)
(0.691406, 0.134674)
(0.696405, 0.13172)
(0.695312, 0.132366)
(0.699219, 0.130057)
(0.696405, 0.13172)
(0.703125, 0.127748)
(0.701165, 0.128906)
(0.701165, 0.128906)
(0.699219, 0.130057)
(0.705959, 0.126072)
(0.703125, 0.127748)
(0.707031, 0.125438)
(0.705959, 0.126072)
(0.710938, 0.123128)
(0.707772, 0.125)
(0.707772, 0.125)
(0.707031, 0.125438)
(0.714844, 0.120817)
(0.714376, 0.121094)
(0.714376, 0.121094)
(0.710938, 0.123128)
(0.715522, 0.120416)
(0.714844, 0.120817)
(0.71875, 0.118506)
(0.715522, 0.120416)
(0.722656, 0.116194)
(0.720978, 0.117188)
(0.720978, 0.117188)
(0.71875, 0.118506)
(0.725091, 0.114753)
(0.722656, 0.116194)
(0.726562, 0.113882)
(0.725091, 0.114753)
(0.730469, 0.111569)
(0.727577, 0.113281)
(0.727577, 0.113281)
(0.726562, 0.113882)
(0.734375, 0.109256)
(0.734174, 0.109375)
(0.734174, 0.109375)
(0.730469, 0.111569)
(0.734666, 0.109084)
(0.734375, 0.109256)
(0.738281, 0.106943)
(0.734666, 0.109084)
(0.742188, 0.104629)
(0.74077, 0.105469)
(0.74077, 0.105469)
(0.738281, 0.106943)
(0.744248, 0.103408)
(0.742188, 0.104629)
(0.746094, 0.102315)
(0.744248, 0.103408)
(0.75, 0.1)
(0.747363, 0.101562)
(0.747363, 0.101562)
(0.746094, 0.102315)
(0.753836, 0.0977268)
(0.75, 0.1)
(0.753906, 0.097685)
(0.753836, 0.0977268)
(0.757812, 0.0953696)
(0.753955, 0.0976562)
(0.753955, 0.0976562)
(0.753906, 0.097685)
(0.761719, 0.0930539)
(0.760545, 0.09375)
(0.760545, 0.09375)
(0.757812, 0.0953696)
(0.763429, 0.0920402)
(0.761719, 0.0930539)
(0.765625, 0.0907379)
(0.763429, 0.0920402)
(0.769531, 0.0884215)
(0.767133, 0.0898438)
(0.767133, 0.0898438)
(0.765625, 0.0907379)
(0.773026, 0.0863486)
(0.769531, 0.0884215)
(0.773438, 0.0861048)
(0.773026, 0.0863486)
(0.777344, 0.0837877)
(0.773719, 0.0859375)
(0.773719, 0.0859375)
(0.773438, 0.0861048)
(0.78125, 0.0814704)
(0.780305, 0.0820312)
(0.780305, 0.0820312)
(0.777344, 0.0837877)
(0.782629, 0.0806522)
(0.78125, 0.0814704)
(0.785156, 0.0791527)
(0.782629, 0.0806522)
(0.789062, 0.0768348)
(0.786888, 0.078125)
(0.786888, 0.078125)
(0.785156, 0.0791527)
(0.792236, 0.0749513)
(0.789062, 0.0768348)
(0.792969, 0.0745166)
(0.792236, 0.0749513)
(0.796875, 0.072198)
(0.793471, 0.0742188)
(0.793471, 0.0742188)
(0.792969, 0.0745166)
(0.800781, 0.0698793)
(0.800051, 0.0703125)
(0.800051, 0.0703125)
(0.796875, 0.072198)
(0.801847, 0.0692463)
(0.800781, 0.0698793)
(0.804688, 0.0675602)
(0.801847, 0.0692463)
(0.808594, 0.0652409)
(0.806631, 0.0664062)
(0.806631, 0.0664062)
(0.804688, 0.0675602)
(0.811463, 0.0635373)
(0.808594, 0.0652409)
(0.8125, 0.0629213)
(0.811463, 0.0635373)
(0.816406, 0.0606015)
(0.813209, 0.0625)
(0.813209, 0.0625)
(0.8125, 0.0629213)
(0.820312, 0.0582815)
(0.819787, 0.0585938)
(0.819787, 0.0585938)
(0.816406, 0.0606015)
(0.821082, 0.0578246)
(0.820312, 0.0582815)
(0.824219, 0.0559612)
(0.821082, 0.0578246)
(0.828125, 0.0536406)
(0.826363, 0.0546875)
(0.826363, 0.0546875)
(0.824219, 0.0559612)
(0.830704, 0.0521084)
(0.828125, 0.0536406)
(0.832031, 0.0513199)
(0.830704, 0.0521084)
(0.835938, 0.0489989)
(0.832938, 0.0507812)
(0.832938, 0.0507812)
(0.832031, 0.0513199)
(0.839844, 0.0466777)
(0.839512, 0.046875)
(0.839512, 0.046875)
(0.835938, 0.0489989)
(0.84033, 0.0463888)
(0.839844, 0.0466777)
(0.84375, 0.0443563)
(0.84033, 0.0463888)
(0.847656, 0.0420347)
(0.846085, 0.0429688)
(0.846085, 0.0429688)
(0.84375, 0.0443563)
(0.849959, 0.0406661)
(0.847656, 0.0420347)
(0.851562, 0.0397129)
(0.849959, 0.0406661)
(0.855469, 0.0373909)
(0.852657, 0.0390625)
(0.852657, 0.0390625)
(0.851562, 0.0397129)
(0.859375, 0.0350687)
(0.859228, 0.0351562)
(0.859228, 0.0351562)
(0.855469, 0.0373909)
(0.859591, 0.0349403)
(0.859375, 0.0350687)
(0.863281, 0.0327463)
(0.859591, 0.0349403)
(0.867188, 0.0304237)
(0.865798, 0.03125)
(0.865798, 0.03125)
(0.863281, 0.0327463)
(0.869226, 0.0292118)
(0.867188, 0.0304237)
(0.871094, 0.028101)
(0.869226, 0.0292118)
(0.875, 0.025778)
(0.872367, 0.0273438)
(0.872367, 0.0273438)
(0.871094, 0.028101)
(0.878863, 0.0234805)
(0.875, 0.025778)
(0.878906, 0.0234549)
(0.878863, 0.0234805)
(0.882812, 0.0211316)
(0.878936, 0.0234375)
(0.878936, 0.0234375)
(0.878906, 0.0234549)
(0.886719, 0.0188082)
(0.885503, 0.0195312)
(0.885503, 0.0195312)
(0.882812, 0.0211316)
(0.888503, 0.0177467)
(0.886719, 0.0188082)
(0.890625, 0.0164846)
(0.888503, 0.0177467)
(0.894531, 0.0141608)
(0.89207, 0.015625)
(0.89207, 0.015625)
(0.890625, 0.0164846)
(0.898146, 0.0120104)
(0.894531, 0.0141608)
(0.898438, 0.0118369)
(0.898146, 0.0120104)
(0.902344, 0.0095128)
(0.898636, 0.0117188)
(0.898636, 0.0117188)
(0.898438, 0.0118369)
(0.90625, 0.00718857)
(0.905201, 0.0078125)
(0.905201, 0.0078125)
(0.902344, 0.0095128)
(0.907791, 0.00627182)
(0.90625, 0.00718857)
(0.910156, 0.00486419)
(0.907791, 0.00627182)
(0.914062, 0.00253967)
(0.911766, 0.00390625)
(0.911766, 0.00390625)
(0.910156, 0.00486419)
(0.917438, 0.000531035)
(0.914062, 0.00253967)
(0.917969, 0.000215)
(0.917438, 0.000531035)
(0.91833, 0)
(0.917969, 0.000215)
