(0.1, 0.1, 0.1)
(0.100707, 0.1, 0.0992929)
(0.101414, 0.1, 0.0985858)
(0.102121, 0.1, 0.0978787)
(0.102828, 0.1, 0.0971716)
(0.103536, 0.1, 0.0964645)
(0.104243, 0.1, 0.0957574)
(0.10495, 0.1, 0.0950503)
(0.105657, 0.1, 0.0943431)
(0.106364, 0.1, 0.093636)
(0.107071, 0.1, 0.0929289)
(0.107778, 0.1, 0.0922218)
(0.108485, 0.1, 0.0915147)
(0.109192, 0.1, 0.0908076)
(0.109899, 0.1, 0.0901005)
(0.110607, 0.1, 0.0893934)
(0.111314, 0.1, 0.0886863)
(0.112021, 0.1, 0.0879792)
(0.112728, 0.1, 0.0872721)
(0.113435, 0.1, 0.086565)
(0.114142, 0.1, 0.0858579)
(0.114849, 0.1, 0.0851508)
(0.115556, 0.1, 0.0844437)
(0.116263, 0.1, 0.0837365)
(0.116971, 0.1, 0.0830294)
(0.117678, 0.1, 0.0823223)
(0.118385, 0.1, 0.0816152)
(0.119092, 0.1, 0.0809081)
(0.119799, 0.1, 0.080201)
(0.120506, 0.1, 0.0794939)
(0.121213, 0.1, 0.0787868)
(0.12192, 0.1, 0.0780797)
(0.122627, 0.1, 0.0773726)
(0.123335, 0.1, 0.0766655)
(0.124042, 0.1, 0.0759584)
(0.124749, 0.1, 0.0752513)
(0.125456, 0.1, 0.0745442)
(0.126163, 0.1, 0.073837)
(0.12687, 0.1, 0.0731299)
(0.127577, 0.1, 0.0724228)
(0.128284, 0.1, 0.0717157)
(0.128991, 0.1, 0.0710086)
(0.129698, 0.1, 0.0703015)
(0.130406, 0.1, 0.0695944)
(0.131113, 0.1, 0.0688873)
(0.13182, 0.1, 0.0681802)
(0.132527, 0.1, 0.0674731)
(0.133234, 0.1, 0.066766)
(0.133941, 0.1, 0.0660589)
(0.134648, 0.1, 0.0653518)
(0.135355, 0.1, 0.0646447)
(0.136062, 0.1, 0.0639376)
(0.13677, 0.1, 0.0632304)
(0.137477, 0.1, 0.0625233)
(0.138184, 0.1, 0.0618162)
(0.138891, 0.1, 0.0611091)
(0.139598, 0.1, 0.060402)
(0.140305, 0.1, 0.0596949)
(0.141012, 0.1, 0.0589878)
(0.141719, 0.1, 0.0582807)
(0.142426, 0.1, 0.0575736)
(0.143134, 0.1, 0.0568665)
(0.143841, 0.1, 0.0561594)
(0.144548, 0.1, 0.0554523)
(0.145255, 0.1, 0.0547452)
(0.145962, 0.1, 0.0540381)
(0.146669, 0.1, 0.053331)
(0.147376, 0.1, 0.0526238)
(0.148083, 0.1, 0.0519167)
(0.14879, 0.1, 0.0512096)
(0.149497, 0.1, 0.0505025)
(0.150205, 0.1, 0.0497954)
(0.150912, 0.1, 0.0490883)
(0.151619, 0.1, 0.0483812)
(0.152326, 0.1, 0.0476741)
(0.153033, 0.1, 0.046967)
(0.15374, 0.1, 0.0462599)
(0.154447, 0.1, 0.0455528)
(0.155154, 0.1, 0.0448457)
(0.155861, 0.1, 0.0441386)
(0.156569, 0.1, 0.0434315)
(0.157276, 0.1, 0.0427244)
(0.157983, 0.1, 0.0420172)
(0.15869, 0.1, 0.0413101)
(0.159397, 0.1, 0.040603)
(0.160104, 0.1, 0.0398959)
(0.160811, 0.1, 0.0391888)
(0.161518, 0.1, 0.0384817)
(0.162225, 0.1, 0.0377746)
(0.162933, 0.1, 0.0370675)
(0.16364, 0.1, 0.0363604)
(0.164347, 0.1, 0.0356533)
(0.165054, 0.1, 0.0349462)
(0.165761, 0.1, 0.0342391)
(0.166468, 0.1, 0.033532)
(0.167175, 0.1, 0.0328249)
(0.167882, 0.1, 0.0321177)
(0.168589, 0.1, 0.0314106)
(0.169296, 0.1, 0.0307035)
(0.170004, 0.1, 0.0299964)
(0.170711, 0.1, 0.0292893)
(0.171418, 0.1, 0.0285822)
(0.172125, 0.1, 0.0278751)
(0.172832, 0.1, 0.027168)
(0.173539, 0.1, 0.0264609)
(0.174246, 0.1, 0.0257538)
(0.174953, 0.1, 0.0250467)
(0.17566, 0.1, 0.0243396)
(0.176368, 0.1, 0.0236325)
(0.177075, 0.1, 0.0229254)
(0.177782, 0.1, 0.0222183)
(0.178489, 0.1, 0.0215111)
(0.179196, 0.1, 0.020804)
(0.179903, 0.1, 0.0200969)
(0.18061, 0.1, 0.0193898)
(0.181317, 0.1, 0.0186827)
(0.182024, 0.1, 0.0179756)
(0.182731, 0.1, 0.0172685)
(0.183439, 0.1, 0.0165614)
(0.184146, 0.1, 0.0158543)
(0.184853, 0.1, 0.0151472)
(0.18556, 0.1, 0.0144401)
(0.186267, 0.1, 0.013733)
(0.186974, 0.1, 0.0130259)
(0.187681, 0.1, 0.0123188)
(0.188388, 0.1, 0.0116117)
(0.189095, 0.1, 0.0109045)
(0.189803, 0.1, 0.0101974)
(0.19051, 0.1, 0.00949033)
(0.191217, 0.1, 0.00878323)
(0.191924, 0.1, 0.00807612)
(0.192631, 0.1, 0.00736901)
(0.193338, 0.1, 0.0066619)
(0.194045, 0.1, 0.0059548)
(0.194752, 0.1, 0.00524769)
(0.195459, 0.1, 0.00454058)
(0.196167, 0.1, 0.00383348)
(0.196874, 0.1, 0.00312637)
(0.197581, 0.1, 0.00241926)
(0.198288, 0.1, 0.00171216)
(0.198995, 0.1, 0.00100505)
(0.199702, 0.1, 0.000297944)
(0.200409, 0.1, -0.000409163)
(0.201116, 0.1, -0.00111627)
(0.201823, 0.1, -0.00182338)
(0.20253, 0.1, -0.00253048)
(0.203238, 0.1, -0.00323759)
(0.203945, 0.1, -0.0039447)
(0.204652, 0.1, -0.0046518)
(0.205359, 0.1, -0.00535891)
(0.206066, 0.1, -0.00606602)
(0.206773, 0.1, -0.00677312)
(0.20748, 0.1, -0.00748023)
(0.208187, 0.1, -0.00818734)
(0.208894, 0.1, -0.00889444)
(0.209602, 0.1, -0.00960155)
(0.210309, 0.1, -0.0103087)
(0.211016, 0.1, -0.0110158)
(0.211723, 0.1, -0.0117229)
(0.21243, 0.1, -0.01243)
(0.213137, 0.1, -0.0131371)
(0.213844, 0.1, -0.0138442)
(0.214551, 0.1, -0.0145513)
(0.215258, 0.1, -0.0152584)
(0.215966, 0.1, -0.0159655)
(0.216673, 0.1, -0.0166726)
(0.21738, 0.1, -0.0173797)
(0.218087, 0.1, -0.0180868)
(0.218794, 0.1, -0.0187939)
(0.219501, 0.1, -0.019501)
(0.220208, 0.1, -0.0202082)
(0.220915, 0.1, -0.0209153)
(0.221622, 0.1, -0.0216224)
(0.222329, 0.1, -0.0223295)
(0.223037, 0.1, -0.0230366)
(0.223744, 0.1, -0.0237437)
(0.224451, 0.1, -0.0244508)
(0.225158, 0.1, -0.0251579)
(0.225865, 0.1, -0.025865)
(0.226572, 0.1, -0.0265721)
(0.227279, 0.1, -0.0272792)
(0.227986, 0.1, -0.0279863)
(0.228693, 0.1, -0.0286934)
(0.229401, 0.1, -0.0294005)
(0.230108, 0.1, -0.0301076)
(0.230815, 0.1, -0.0308148)
(0.231522, 0.1, -0.0315219)
(0.232229, 0.1, -0.032229)
(0.232936, 0.1, -0.0329361)
(0.233643, 0.1, -0.0336432)
(0.23435, 0.1, -0.0343503)
(0.235057, 0.1, -0.0350574)
(0.235765, 0.1, -0.0357645)
(0.236472, 0.1, -0.0364716)
(0.237179, 0.1, -0.0371787)
(0.237886, 0.1, -0.0378858)
(0.238593, 0.1, -0.0385929)
(0.2393, 0.1, -0.0393)
(0.240007, 0.1, -0.0400071)
(0.240714, 0.1, -0.0407142)
(0.241421, 0.1, -0.0414214)
(0.242128, 0.1, -0.0421285)
(0.242836, 0.1, -0.0428356)
(0.243543, 0.1, -0.0435427)
(0.24425, 0.1, -0.0442498)
(0.244957, 0.1, -0.0449569)
(0.245664, 0.1, -0.045664)
(0.246371, 0.1, -0.0463711)
(0.247078, 0.1, -0.0470782)
(0.247785, 0.1, -0.0477853)
(0.248492, 0.1, -0.0484924)
(0.2492, 0.1, -0.0491995)
(0.249907, 0.1, -0.0499066)
(0.250614, 0.1, -0.0506137)
(0.251321, 0.1, -0.0513209)
(0.252028, 0.1, -0.052028)
(0.252735, 0.1, -0.0527351)
(0.253442, 0.1, -0.0534422)
(0.254149, 0.1, -0.0541493)
(0.254856, 0.1, -0.0548564)
(0.255563, 0.1, -0.0555635)
(0.256271, 0.1, -0.0562706)
(0.256978, 0.1, -0.0569777)
(0.257685, 0.1, -0.0576848)
(0.258392, 0.1, -0.0583919)
(0.259099, 0.1, -0.059099)
(0.259806, 0.1, -0.0598061)
(0.260513, 0.1, -0.0605132)
(0.26122, 0.1, -0.0612203)
(0.261927, 0.1, -0.0619275)
(0.262635, 0.1, -0.0626346)
(0.263342, 0.1, -0.0633417)
(0.264049, 0.1, -0.0640488)
(0.264756, 0.1, -0.0647559)
(0.265463, 0.1, -0.065463)
(0.26617, 0.1, -0.0661701)
(0.266877, 0.1, -0.0668772)
(0.267584, 0.1, -0.0675843)
(0.268291, 0.1, -0.0682914)
(0.268999, 0.1, -0.0689985)
(0.269706, 0.1, -0.0697056)
(0.270413, 0.1, -0.0704127)
(0.27112, 0.1, -0.0711198)
(0.271827, 0.1, -0.0718269)
(0.272534, 0.1, -0.0725341)
(0.273241, 0.1, -0.0732412)
(0.273948, 0.1, -0.0739483)
(0.274655, 0.1, -0.0746554)
(0.275362, 0.1, -0.0753625)
(0.27607, 0.1, -0.0760696)
(0.276777, 0.1, -0.0767767)
(0.277484, 0.1, -0.0774838)
(0.278191, 0.1, -0.0781909)
(0.278898, 0.1, -0.078898)
(0.279605, 0.1, -0.0796051)
(0.280312, 0.1, -0.0803122)
(0.281019, 0.1, -0.0810193)
(0.281726, 0.1, -0.0817264)
(0.282434, 0.1, -0.0824335)
(0.283141, 0.1, -0.0831407)
(0.283848, 0.1, -0.0838478)
(0.284555, 0.1, -0.0845549)
(0.285262, 0.1, -0.085262)
(0.285969, 0.1, -0.0859691)
(0.286676, 0.1, -0.0866762)
(0.287383, 0.1, -0.0873833)
(0.28809, 0.1, -0.0880904)
(0.288798, 0.1, -0.0887975)
(0.289505, 0.1, -0.0895046)
(0.290212, 0.1, -0.0902117)
(0.290919, 0.1, -0.0909188)
(0.291626, 0.1, -0.0916259)
(0.292333, 0.1, -0.092333)
(0.29304, 0.1, -0.0930402)
(0.293747, 0.1, -0.0937473)
(0.294454, 0.1, -0.0944544)
(0.295161, 0.1, -0.0951615)
(0.295869, 0.1, -0.0958686)
(0.296576, 0.1, -0.0965757)
(0.297283, 0.1, -0.0972828)
(0.29799, 0.1, -0.0979899)
(0.298697, 0.1, -0.098697)
(0.299404, 0.1, -0.0994041)
(0.300111, 0.1, -0.100111)
(0.300818, 0.1, -0.100818)
(0.301525, 0.1, -0.101525)
(0.302233, 0.1, -0.102233)
(0.30294, 0.1, -0.10294)
(0.303647, 0.1, -0.103647)
(0.304354, 0.1, -0.104354)
(0.305061, 0.1, -0.105061)
(0.305768, 0.1, -0.105768)
(0.306475, 0.1, -0.106475)
(0.307182, 0.1, -0.107182)
(0.307889, 0.1, -0.107889)
(0.308597, 0.1, -0.108597)
(0.309304, 0.1, -0.109304)
(0.310011, 0.1, -0.110011)
(0.310718, 0.1, -0.110718)
(0.311425, 0.1, -0.111425)
(0.312132, 0.1, -0.112132)
(0.312839, 0.1, -0.112839)
(0.313546, 0.1, -0.113546)
(0.314253, 0.1, -0.114253)
(0.31496, 0.1, -0.11496)
(0.315668, 0.1, -0.115668)
(0.316375, 0.1, -0.116375)
(0.317082, 0.1, -0.117082)
(0.317789, 0.1, -0.117789)
(0.318496, 0.1, -0.118496)
(0.319203, 0.1, -0.119203)
(0.31991, 0.1, -0.11991)
(0.320617, 0.1, -0.120617)
(0.321324, 0.1, -0.121324)
(0.322032, 0.1, -0.122032)
(0.322739, 0.1, -0.122739)
(0.323446, 0.1, -0.123446)
(0.324153, 0.1, -0.124153)
(0.32486, 0.1, -0.12486)
(0.325567, 0.1, -0.125567)
(0.326274, 0.1, -0.126274)
(0.326981, 0.1, -0.126981)
(0.327688, 0.1, -0.127688)
(0.328395, 0.1, -0.128395)
(0.329103, 0.1, -0.129103)
(0.32981, 0.1, -0.12981)
(0.330517, 0.1, -0.130517)
(0.331224, 0.1, -0.131224)
(0.331931, 0.1, -0.131931)
(0.332638, 0.1, -0.132638)
(0.333345, 0.1, -0.133345)
(0.334052, 0.1, -0.134052)
(0.334759, 0.1, -0.134759)
(0.335467, 0.1, -0.135467)
(0.336174, 0.1, -0.136174)
(0.336881, 0.1, -0.136881)
(0.337588, 0.1, -0.137588)
(0.338295, 0.1, -0.138295)
(0.339002, 0.1, -0.139002)
(0.339709, 0.1, -0.139709)
(0.340416, 0.1, -0.140416)
(0.341123, 0.1, -0.141123)
(0.341831, 0.1, -0.141831)
(0.342538, 0.1, -0.142538)
(0.343245, 0.1, -0.143245)
(0.343952, 0.1, -0.143952)
(0.344659, 0.1, -0.144659)
(0.345366, 0.1, -0.145366)
(0.346073, 0.1, -0.146073)
(0.34678, 0.1, -0.14678)
(0.347487, 0.1, -0.147487)
(0.348194, 0.1, -0.148194)
(0.348902, 0.1, -0.148902)
(0.349609, 0.1, -0.149609)
(0.350316, 0.1, -0.150316)
(0.351023, 0.1, -0.151023)
(0.35173, 0.1, -0.15173)
(0.352437, 0.1, -0.152437)
(0.353144, 0.1, -0.153144)
(0.353851, 0.1, -0.153851)
(0.354558, 0.1, -0.154558)
(0.355266, 0.1, -0.155266)
(0.355973, 0.1, -0.155973)
(0.35668, 0.1, -0.15668)
(0.357387, 0.1, -0.157387)
(0.358094, 0.1, -0.158094)
(0.358801, 0.1, -0.158801)
(0.359508, 0.1, -0.159508)
(0.360215, 0.1, -0.160215)
(0.360922, 0.1, -0.160922)
(0.36163, 0.1, -0.16163)
(0.362337, 0.1, -0.162337)
(0.363044, 0.1, -0.163044)
(0.363751, 0.1, -0.163751)
(0.364458, 0.1, -0.164458)
(0.365165, 0.1, -0.165165)
(0.365872, 0.1, -0.165872)
(0.366579, 0.1, -0.166579)
(0.367286, 0.1, -0.167286)
(0.367993, 0.1, -0.167993)
(0.368701, 0.1, -0.168701)
(0.369408, 0.1, -0.169408)
(0.370115, 0.1, -0.170115)
(0.370822, 0.1, -0.170822)
(0.371529, 0.1, -0.171529)
(0.372236, 0.1, -0.172236)
(0.372943, 0.1, -0.172943)
(0.37365, 0.1, -0.17365)
(0.374357, 0.1, -0.174357)
(0.375065, 0.1, -0.175065)
(0.375772, 0.1, -0.175772)
(0.376479, 0.1, -0.176479)
(0.377186, 0.1, -0.177186)
(0.377893, 0.1, -0.177893)
(0.3786, 0.1, -0.1786)
(0.379307, 0.1, -0.179307)
(0.380014, 0.1, -0.180014)
(0.380721, 0.1, -0.180721)
(0.381428, 0.1, -0.181428)
(0.382136, 0.1, -0.182136)
(0.382843, 0.1, -0.182843)
(0.38355, 0.1, -0.18355)
(0.384257, 0.1, -0.184257)
(0.384964, 0.1, -0.184964)
(0.385671, 0.1, -0.185671)
(0.386378, 0.1, -0.186378)
(0.387085, 0.1, -0.187085)
(0.387792, 0.1, -0.187792)
(0.3885, 0.1, -0.1885)
(0.389207, 0.1, -0.189207)
(0.389914, 0.1, -0.189914)
(0.390621, 0.1, -0.190621)
(0.391328, 0.1, -0.191328)
(0.392035, 0.1, -0.192035)
(0.392742, 0.1, -0.192742)
(0.393449, 0.1, -0.193449)
(0.394156, 0.1, -0.194156)
(0.394864, 0.1, -0.194864)
(0.395571, 0.1, -0.195571)
(0.396278, 0.1, -0.196278)
(0.396985, 0.1, -0.196985)
(0.397692, 0.1, -0.197692)
(0.398399, 0.1, -0.198399)
(0.399106, 0.1, -0.199106)
(0.399813, 0.1, -0.199813)
(0.40052, 0.1, -0.20052)
(0.401227, 0.1, -0.201227)
(0.401935, 0.1, -0.201935)
(0.402642, 0.1, -0.202642)
(0.403349, 0.1, -0.203349)
(0.404056, 0.1, -0.204056)
(0.404763, 0.1, -0.204763)
(0.40547, 0.1, -0.20547)
(0.406177, 0.1, -0.206177)
(0.406884, 0.1, -0.206884)
(0.407591, 0.1, -0.207591)
(0.408299, 0.1, -0.208299)
(0.409006, 0.1, -0.209006)
(0.409713, 0.1, -0.209713)
(0.41042, 0.1, -0.21042)
(0.411127, 0.1, -0.211127)
(0.411834, 0.1, -0.211834)
(0.412541, 0.1, -0.212541)
(0.413248, 0.1, -0.213248)
(0.413955, 0.1, -0.213955)
(0.414663, 0.1, -0.214663)
(0.41537, 0.1, -0.21537)
(0.416077, 0.1, -0.216077)
(0.416784, 0.1, -0.216784)
(0.417491, 0.1, -0.217491)
(0.418198, 0.1, -0.218198)
(0.418905, 0.1, -0.218905)
(0.419612, 0.1, -0.219612)
(0.420319, 0.1, -0.220319)
(0.421026, 0.1, -0.221026)
(0.421734, 0.1, -0.221734)
(0.422441, 0.1, -0.222441)
(0.423148, 0.1, -0.223148)
(0.423855, 0.1, -0.223855)
(0.424562, 0.1, -0.224562)
(0.425269, 0.1, -0.225269)
(0.425976, 0.1, -0.225976)
(0.426683, 0.1, -0.226683)
(0.42739, 0.1, -0.22739)
(0.428098, 0.1, -0.228098)
(0.428805, 0.1, -0.228805)
(0.429512, 0.1, -0.229512)
(0.430219, 0.1, -0.230219)
(0.430926, 0.1, -0.230926)
(0.431633, 0.1, -0.231633)
(0.43234, 0.1, -0.23234)
(0.433047, 0.1, -0.233047)
(0.433754, 0.1, -0.233754)
(0.434462, 0.1, -0.234462)
(0.435169, 0.1, -0.235169)
(0.435876, 0.1, -0.235876)
(0.436583, 0.1, -0.236583)
(0.43729, 0.1, -0.23729)
(0.437997, 0.1, -0.237997)
(0.438704, 0.1, -0.238704)
(0.439411, 0.1, -0.239411)
(0.440118, 0.1, -0.240118)
(0.440825, 0.1, -0.240825)
(0.441533, 0.1, -0.241533)
(0.44224, 0.1, -0.24224)
(0.442947, 0.1, -0.242947)
(0.443654, 0.1, -0.243654)
(0.444361, 0.1, -0.244361)
(0.445068, 0.1, -0.245068)
(0.445775, 0.1, -0.245775)
(0.446482, 0.1, -0.246482)
(0.447189, 0.1, -0.247189)
(0.447897, 0.1, -0.247897)
(0.448604, 0.1, -0.248604)
(0.449311, 0.1, -0.249311)
(0.450018, 0.1, -0.250018)
(0.450725, 0.1, -0.250725)
(0.451432, 0.1, -0.251432)
(0.452139, 0.1, -0.252139)
(0.452846, 0.1, -0.252846)
(0.453553, 0.1, -0.253553)
(0.45426, 0.1, -0.25426)
(0.454968, 0.1, -0.254968)
(0.455675, 0.1, -0.255675)
(0.456382, 0.1, -0.256382)
(0.457089, 0.1, -0.257089)
(0.457796, 0.1, -0.257796)
(0.458503, 0.1, -0.258503)
(0.45921, 0.1, -0.25921)
(0.459917, 0.1, -0.259917)
(0.460624, 0.1, -0.260624)
(0.461332, 0.1, -0.261332)
(0.462039, 0.1, -0.262039)
(0.462746, 0.1, -0.262746)
(0.463453, 0.1, -0.263453)
(0.46416, 0.1, -0.26416)
(0.464867, 0.1, -0.264867)
(0.465574, 0.1, -0.265574)
(0.466281, 0.1, -0.266281)
(0.466988, 0.1, -0.266988)
(0.467696, 0.1, -0.267696)
(0.468403, 0.1, -0.268403)
(0.46911, 0.1, -0.26911)
(0.469817, 0.1, -0.269817)
(0.470524, 0.1, -0.270524)
(0.471231, 0.1, -0.271231)
(0.471938, 0.1, -0.271938)
(0.472645, 0.1, -0.272645)
(0.473352, 0.1, -0.273352)
(0.474059, 0.1, -0.274059)
(0.474767, 0.1, -0.274767)
(0.475474, 0.1, -0.275474)
(0.476181, 0.1, -0.276181)
(0.476888, 0.1, -0.276888)
(0.477595, 0.1, -0.277595)
(0.478302, 0.1, -0.278302)
(0.479009, 0.1, -0.279009)
(0.479716, 0.1, -0.279716)
(0.480423, 0.1, -0.280423)
(0.481131, 0.1, -0.281131)
(0.481838, 0.1, -0.281838)
(0.482545, 0.1, -0.282545)
(0.483252, 0.1, -0.283252)
(0.483959, 0.1, -0.283959)
(0.484666, 0.1, -0.284666)
(0.485373, 0.1, -0.285373)
(0.48608, 0.1, -0.28608)
(0.486787, 0.1, -0.286787)
(0.487495, 0.1, -0.287495)
(0.488202, 0.1, -0.288202)
(0.488909, 0.1, -0.288909)
(0.489616, 0.1, -0.289616)
(0.490323, 0.1, -0.290323)
(0.49103, 0.1, -0.29103)
(0.491737, 0.1, -0.291737)
(0.492444, 0.1, -0.292444)
(0.493151, 0.1, -0.293151)
(0.493858, 0.1, -0.293858)
(0.494566, 0.1, -0.294566)
(0.495273, 0.1, -0.295273)
(0.49598, 0.1, -0.29598)
(0.496687, 0.1, -0.296687)
(0.497394, 0.1, -0.297394)
(0.498101, 0.1, -0.298101)
(0.498808, 0.1, -0.298808)
(0.499515, 0.1, -0.299515)
(0.500222, 0.1, -0.300222)
(0.50093, 0.1, -0.30093)
(0.501637, 0.1, -0.301637)
(0.502344, 0.1, -0.302344)
(0.503051, 0.1, -0.303051)
(0.503758, 0.1, -0.303758)
(0.504465, 0.1, -0.304465)
(0.505172, 0.1, -0.305172)
(0.505879, 0.1, -0.305879)
(0.506586, 0.1, -0.306586)
(0.507294, 0.1, -0.307294)
(0.508001, 0.1, -0.308001)
(0.508708, 0.1, -0.308708)
(0.509415, 0.1, -0.309415)
(0.510122, 0.1, -0.310122)
(0.510829, 0.1, -0.310829)
(0.511536, 0.1, -0.311536)
(0.512243, 0.1, -0.312243)
(0.51295, 0.1, -0.31295)
(0.513657, 0.1, -0.313657)
(0.514365, 0.1, -0.314365)
(0.515072, 0.1, -0.315072)
(0.515779, 0.1, -0.315779)
(0.516486, 0.1, -0.316486)
(0.517193, 0.1, -0.317193)
(0.5179, 0.1, -0.3179)
(0.518607, 0.1, -0.318607)
(0.519314, 0.1, -0.319314)
(0.520021, 0.1, -0.320021)
(0.520729, 0.1, -0.320729)
(0.521436, 0.1, -0.321436)
(0.522143, 0.1, -0.322143)
(0.52285, 0.1, -0.32285)
(0.523557, 0.1, -0.323557)
(0.524264, 0.1, -0.324264)
(0.524971, 0.1, -0.324971)
(0.525678, 0.1, -0.325678)
(0.526385, 0.1, -0.326385)
(0.527092, 0.1, -0.327092)
(0.5278, 0.1, -0.3278)
(0.528507, 0.1, -0.328507)
(0.529214, 0.1, -0.329214)
(0.529921, 0.1, -0.329921)
(0.530628, 0.1, -0.330628)
(0.531335, 0.1, -0.331335)
(0.532042, 0.1, -0.332042)
(0.532749, 0.1, -0.332749)
(0.533456, 0.1, -0.333456)
(0.534164, 0.1, -0.334164)
(0.534871, 0.1, -0.334871)
(0.535578, 0.1, -0.335578)
(0.536285, 0.1, -0.336285)
(0.536992, 0.1, -0.336992)
(0.537699, 0.1, -0.337699)
(0.538406, 0.1, -0.338406)
(0.539113, 0.1, -0.339113)
(0.53982, 0.1, -0.33982)
(0.540528, 0.1, -0.340528)
(0.541235, 0.1, -0.341235)
(0.541942, 0.1, -0.341942)
(0.542649, 0.1, -0.342649)
(0.543356, 0.1, -0.343356)
(0.544063, 0.1, -0.344063)
(0.54477, 0.1, -0.34477)
(0.545477, 0.1, -0.345477)
(0.546184, 0.1, -0.346184)
(0.546891, 0.1, -0.346891)
(0.547599, 0.1, -0.347599)
(0.548306, 0.1, -0.348306)
(0.549013, 0.1, -0.349013)
(0.54972, 0.1, -0.34972)
(0.550427, 0.1, -0.350427)
(0.551134, 0.1, -0.351134)
(0.551841, 0.1, -0.351841)
(0.552548, 0.1, -0.352548)
(0.553255, 0.1, -0.353255)
(0.553963, 0.1, -0.353963)
(0.55467, 0.1, -0.35467)
(0.555377, 0.1, -0.355377)
(0.556084, 0.1, -0.356084)
(0.556791, 0.1, -0.356791)
(0.557498, 0.1, -0.357498)
(0.558205, 0.1, -0.358205)
(0.558912, 0.1, -0.358912)
(0.559619, 0.1, -0.359619)
(0.560327, 0.1, -0.360327)
(0.561034, 0.1, -0.361034)
(0.561741, 0.1, -0.361741)
(0.562448, 0.1, -0.362448)
(0.563155, 0.1, -0.363155)
(0.563862, 0.1, -0.363862)
(0.564569, 0.1, -0.364569)
(0.565276, 0.1, -0.365276)
(0.565983, 0.1, -0.365983)
(0.56669, 0.1, -0.36669)
(0.567398, 0.1, -0.367398)
(0.568105, 0.1, -0.368105)
(0.568812, 0.1, -0.368812)
(0.569519, 0.1, -0.369519)
(0.570226, 0.1, -0.370226)
(0.570933, 0.1, -0.370933)
(0.57164, 0.1, -0.37164)
(0.572347, 0.1, -0.372347)
(0.573054, 0.1, -0.373054)
(0.573762, 0.1, -0.373762)
(0.574469, 0.1, -0.374469)
(0.575176, 0.1, -0.375176)
(0.575883, 0.1, -0.375883)
(0.57659, 0.1, -0.37659)
(0.577297, 0.1, -0.377297)
(0.578004, 0.1, -0.378004)
(0.578711, 0.1, -0.378711)
(0.579418, 0.1, -0.379418)
(0.580126, 0.1, -0.380126)
(0.580833, 0.1, -0.380833)
(0.58154, 0.1, -0.38154)
(0.582247, 0.1, -0.382247)
(0.582954, 0.1, -0.382954)
(0.583661, 0.1, -0.383661)
(0.584368, 0.1, -0.384368)
(0.585075, 0.1, -0.385075)
(0.585782, 0.1, -0.385782)
(0.586489, 0.1, -0.386489)
(0.587197, 0.1, -0.387197)
(0.587904, 0.1, -0.387904)
(0.588611, 0.1, -0.388611)
(0.589318, 0.1, -0.389318)
(0.590025, 0.1, -0.390025)
(0.590732, 0.1, -0.390732)
(0.591439, 0.1, -0.391439)
(0.592146, 0.1, -0.392146)
(0.592853, 0.1, -0.392853)
(0.593561, 0.1, -0.393561)
(0.594268, 0.1, -0.394268)
(0.594975, 0.1, -0.394975)
(0.595682, 0.1, -0.395682)
(0.596389, 0.1, -0.396389)
(0.597096, 0.1, -0.397096)
(0.597803, 0.1, -0.397803)
(0.59851, 0.1, -0.39851)
(0.599217, 0.1, -0.399217)
(0.599924, 0.1, -0.399924)
(0.600632, 0.1, -0.400632)
(0.601339, 0.1, -0.401339)
(0.602046, 0.1, -0.402046)
(0.602753, 0.1, -0.402753)
(0.60346, 0.1, -0.40346)
(0.604167, 0.1, -0.404167)
(0.604874, 0.1, -0.404874)
(0.605581, 0.1, -0.405581)
(0.606288, 0.1, -0.406288)
(0.606996, 0.1, -0.406996)
(0.607703, 0.1, -0.407703)
(0.60841, 0.1, -0.40841)
(0.609117, 0.1, -0.409117)
(0.609824, 0.1, -0.409824)
(0.610531, 0.1, -0.410531)
(0.611238, 0.1, -0.411238)
(0.611945, 0.1, -0.411945)
(0.612652, 0.1, -0.412652)
(0.61336, 0.1, -0.41336)
(0.614067, 0.1, -0.414067)
(0.614774, 0.1, -0.414774)
(0.615481, 0.1, -0.415481)
(0.616188, 0.1, -0.416188)
(0.616895, 0.1, -0.416895)
(0.617602, 0.1, -0.417602)
(0.618309, 0.1, -0.418309)
(0.619016, 0.1, -0.419016)
(0.619723, 0.1, -0.419723)
(0.620431, 0.1, -0.420431)
(0.621138, 0.1, -0.421138)
(0.621845, 0.1, -0.421845)
(0.622552, 0.1, -0.422552)
(0.623259, 0.1, -0.423259)
(0.623966, 0.1, -0.423966)
(0.624673, 0.1, -0.424673)
(0.62538, 0.1, -0.42538)
(0.626087, 0.1, -0.426087)
(0.626795, 0.1, -0.426795)
(0.627502, 0.1, -0.427502)
(0.628209, 0.1, -0.428209)
(0.628916, 0.1, -0.428916)
(0.629623, 0.1, -0.429623)
(0.63033, 0.1, -0.43033)
(0.631037, 0.1, -0.431037)
(0.631744, 0.1, -0.431744)
(0.632451, 0.1, -0.432451)
(0.633159, 0.1, -0.433159)
(0.633866, 0.1, -0.433866)
(0.634573, 0.1, -0.434573)
(0.63528, 0.1, -0.43528)
(0.635987, 0.1, -0.435987)
(0.636694, 0.1, -0.436694)
(0.637401, 0.1, -0.437401)
(0.638108, 0.1, -0.438108)
(0.638815, 0.1, -0.438815)
(0.639522, 0.1, -0.439522)
(0.64023, 0.1, -0.44023)
(0.640937, 0.1, -0.440937)
(0.641644, 0.1, -0.441644)
(0.642351, 0.1, -0.442351)
(0.643058, 0.1, -0.443058)
(0.643765, 0.1, -0.443765)
(0.644472, 0.1, -0.444472)
(0.645179, 0.1, -0.445179)
(0.645886, 0.1, -0.445886)
(0.646594, 0.1, -0.446594)
(0.647301, 0.1, -0.447301)
(0.648008, 0.1, -0.448008)
(0.648715, 0.1, -0.448715)
(0.649422, 0.1, -0.449422)
(0.650129, 0.1, -0.450129)
(0.650836, 0.1, -0.450836)
(0.651543, 0.1, -0.451543)
(0.65225, 0.1, -0.45225)
(0.652958, 0.1, -0.452958)
(0.653665, 0.1, -0.453665)
(0.654372, 0.1, -0.454372)
(0.655079, 0.1, -0.455079)
(0.655786, 0.1, -0.455786)
(0.656493, 0.1, -0.456493)
(0.6572, 0.1, -0.4572)
(0.657907, 0.1, -0.457907)
(0.658614, 0.1, -0.458614)
(0.659321, 0.1, -0.459321)
(0.660029, 0.1, -0.460029)
(0.660736, 0.1, -0.460736)
(0.661443, 0.1, -0.461443)
(0.66215, 0.1, -0.46215)
(0.662857, 0.1, -0.462857)
(0.663564, 0.1, -0.463564)
(0.664271, 0.1, -0.464271)
(0.664978, 0.1, -0.464978)
(0.665685, 0.1, -0.465685)
(0.666393, 0.1, -0.466393)
(0.6671, 0.1, -0.4671)
(0.667807, 0.1, -0.467807)
(0.668514, 0.1, -0.468514)
(0.669221, 0.1, -0.469221)
(0.669928, 0.1, -0.469928)
(0.670635, 0.1, -0.470635)
(0.671342, 0.1, -0.471342)
(0.672049, 0.1, -0.472049)
(0.672756, 0.1, -0.472756)
(0.673464, 0.1, -0.473464)
(0.674171, 0.1, -0.474171)
(0.674878, 0.1, -0.474878)
(0.675585, 0.1, -0.475585)
(0.676292, 0.1, -0.476292)
(0.676999, 0.1, -0.476999)
(0.677706, 0.1, -0.477706)
(0.678413, 0.1, -0.478413)
(0.67912, 0.1, -0.47912)
(0.679828, 0.1, -0.479828)
(0.680535, 0.1, -0.480535)
(0.681242, 0.1, -0.481242)
(0.681949, 0.1, -0.481949)
(0.682656, 0.1, -0.482656)
(0.683363, 0.1, -0.483363)
(0.68407, 0.1, -0.48407)
(0.684777, 0.1, -0.484777)
(0.685484, 0.1, -0.485484)
(0.686192, 0.1, -0.486192)
(0.686899, 0.1, -0.486899)
(0.687606, 0.1, -0.487606)
(0.688313, 0.1, -0.488313)
(0.68902, 0.1, -0.48902)
(0.689727, 0.1, -0.489727)
(0.690434, 0.1, -0.490434)
(0.691141, 0.1, -0.491141)
(0.691848, 0.1, -0.491848)
(0.692555, 0.1, -0.492555)
(0.693263, 0.1, -0.493263)
(0.69397, 0.1, -0.49397)
(0.694677, 0.1, -0.494677)
(0.695384, 0.1, -0.495384)
(0.696091, 0.1, -0.496091)
(0.696798, 0.1, -0.496798)
(0.697505, 0.1, -0.497505)
(0.698212, 0.1, -0.498212)
(0.698919, 0.1, -0.498919)
(0.699627, 0.1, -0.499627)
(0.700334, 0.1, -0.500334)
(0.701041, 0.1, -0.501041)
(0.701748, 0.1, -0.501748)
(0.702455, 0.1, -0.502455)
(0.703162, 0.1, -0.503162)
(0.703869, 0.1, -0.503869)
(0.704576, 0.1, -0.504576)
(0.705283, 0.1, -0.505283)
(0.705991, 0.1, -0.505991)
(0.706698, 0.1, -0.506698)
(0.707405, 0.1, -0.507405)
(0.708112, 0.1, -0.508112)
(0.708819, 0.1, -0.508819)
(0.709526, 0.1, -0.509526)
(0.710233, 0.1, -0.510233)
(0.71094, 0.1, -0.51094)
(0.711647, 0.1, -0.511647)
(0.712354, 0.1, -0.512354)
(0.713062, 0.1, -0.513062)
(0.713769, 0.1, -0.513769)
(0.714476, 0.1, -0.514476)
(0.715183, 0.1, -0.515183)
(0.71589, 0.1, -0.51589)
(0.716597, 0.1, -0.516597)
(0.717304, 0.1, -0.517304)
(0.718011, 0.1, -0.518011)
(0.718718, 0.1, -0.518718)
(0.719426, 0.1, -0.519426)
(0.720133, 0.1, -0.520133)
(0.72084, 0.1, -0.52084)
(0.721547, 0.1, -0.521547)
(0.722254, 0.1, -0.522254)
(0.722961, 0.1, -0.522961)
(0.723668, 0.1, -0.523668)
(0.724375, 0.1, -0.524375)
(0.725082, 0.1, -0.525082)
(0.72579, 0.1, -0.52579)
(0.726497, 0.1, -0.526497)
(0.727204, 0.1, -0.527204)
(0.727911, 0.1, -0.527911)
(0.728618, 0.1, -0.528618)
(0.729325, 0.1, -0.529325)
(0.730032, 0.1, -0.530032)
(0.730739, 0.1, -0.530739)
(0.731446, 0.1, -0.531446)
(0.732153, 0.1, -0.532153)
(0.732861, 0.1, -0.532861)
(0.733568, 0.1, -0.533568)
(0.734275, 0.1, -0.534275)
(0.734982, 0.1, -0.534982)
(0.735689, 0.1, -0.535689)
(0.736396, 0.1, -0.536396)
(0.737103, 0.1, -0.537103)
(0.73781, 0.1, -0.53781)
(0.738517, 0.1, -0.538517)
(0.739225, 0.1, -0.539225)
(0.739932, 0.1, -0.539932)
(0.740639, 0.1, -0.540639)
(0.741346, 0.1, -0.541346)
(0.742053, 0.1, -0.542053)
(0.74276, 0.1, -0.54276)
(0.743467, 0.1, -0.543467)
(0.744174, 0.1, -0.544174)
(0.744881, 0.1, -0.544881)
(0.745588, 0.1, -0.545588)
(0.746296, 0.1, -0.546296)
(0.747003, 0.1, -0.547003)
(0.74771, 0.1, -0.54771)
(0.748417, 0.1, -0.548417)
(0.749124, 0.1, -0.549124)
(0.749831, 0.1, -0.549831)
(0.750538, 0.1, -0.550538)
(0.751245, 0.1, -0.551245)
(0.751952, 0.1, -0.551952)
(0.75266, 0.1, -0.55266)
(0.753367, 0.1, -0.553367)
(0.754074, 0.1, -0.554074)
(0.754781, 0.1, -0.554781)
(0.755488, 0.1, -0.555488)
(0.756195, 0.1, -0.556195)
(0.756902, 0.1, -0.556902)
(0.757609, 0.1, -0.557609)
(0.758316, 0.1, -0.558316)
(0.759024, 0.1, -0.559024)
(0.759731, 0.1, -0.559731)
(0.760438, 0.1, -0.560438)
(0.761145, 0.1, -0.561145)
(0.761852, 0.1, -0.561852)
(0.762559, 0.1, -0.562559)
(0.763266, 0.1, -0.563266)
(0.763973, 0.1, -0.563973)
(0.76468, 0.1, -0.56468)
(0.765387, 0.1, -0.565387)
(0.766095, 0.1, -0.566095)
(0.766802, 0.1, -0.566802)
(0.767509, 0.1, -0.567509)
(0.768216, 0.1, -0.568216)
(0.768923, 0.1, -0.568923)
(0.76963, 0.1, -0.56963)
(0.770337, 0.1, -0.570337)
(0.771044, 0.1, -0.571044)
(0.771751, 0.1, -0.571751)
(0.772459, 0.1, -0.572459)
(0.773166, 0.1, -0.573166)
(0.773873, 0.1, -0.573873)
(0.77458, 0.1, -0.57458)
(0.775287, 0.1, -0.575287)
(0.775994, 0.1, -0.575994)
(0.776701, 0.1, -0.576701)
(0.777408, 0.1, -0.577408)
(0.778115, 0.1, -0.578115)
(0.778823, 0.1, -0.578823)
(0.77953, 0.1, -0.57953)
(0.780237, 0.1, -0.580237)
(0.780944, 0.1, -0.580944)
(0.781651, 0.1, -0.581651)
(0.782358, 0.1, -0.582358)
(0.783065, 0.1, -0.583065)
(0.783772, 0.1, -0.583772)
(0.784479, 0.1, -0.584479)
(0.785186, 0.1, -0.585186)
(0.785894, 0.1, -0.585894)
(0.786601, 0.1, -0.586601)
(0.787308, 0.1, -0.587308)
(0.788015, 0.1, -0.588015)
(0.788722, 0.1, -0.588722)
(0.789429, 0.1, -0.589429)
(0.790136, 0.1, -0.590136)
(0.790843, 0.1, -0.590843)
(0.79155, 0.1, -0.59155)
(0.792258, 0.1, -0.592258)
(0.792965, 0.1, -0.592965)
(0.793672, 0.1, -0.593672)
(0.794379, 0.1, -0.594379)
(0.795086, 0.1, -0.595086)
(0.795793, 0.1, -0.595793)
(0.7965, 0.1, -0.5965)
(0.797207, 0.1, -0.597207)
(0.797914, 0.1, -0.597914)
(0.798621, 0.1, -0.598621)
(0.799329, 0.1, -0.599329)
(0.800036, 0.1, -0.600036)
(0.800743, 0.1, -0.600743)
(0.80145, 0.1, -0.60145)
(0.802157, 0.1, -0.602157)
(0.802864, 0.1, -0.602864)
(0.803571, 0.1, -0.603571)
(0.804278, 0.1, -0.604278)
(0.804985, 0.1, -0.604985)
(0.805693, 0.1, -0.605693)
(0.8064, 0.1, -0.6064)
(0.807107, 0.1, -0.607107)
(0.807814, 0.1, -0.607814)
(0.808521, 0.1, -0.608521)
(0.809228, 0.1, -0.609228)
(0.809935, 0.1, -0.609935)
(0.810642, 0.1, -0.610642)
(0.811349, 0.1, -0.611349)
(0.812057, 0.1, -0.612057)
(0.812764, 0.1, -0.612764)
(0.813471, 0.1, -0.613471)
(0.814178, 0.1, -0.614178)
(0.814885, 0.1, -0.614885)
(0.815592, 0.1, -0.615592)
(0.816299, 0.1, -0.616299)
(0.817006, 0.1, -0.617006)
(0.817713, 0.1, -0.617713)
(0.81842, 0.1, -0.61842)
(0.819128, 0.1, -0.619128)
(0.819835, 0.1, -0.619835)
(0.820542, 0.1, -0.620542)
(0.821249, 0.1, -0.621249)
(0.821956, 0.1, -0.621956)
(0.822663, 0.1, -0.622663)
(0.82337, 0.1, -0.62337)
(0.824077, 0.1, -0.624077)
(0.824784, 0.1, -0.624784)
(0.825492, 0.1, -0.625492)
(0.826199, 0.1, -0.626199)
(0.826906, 0.1, -0.626906)
(0.827613, 0.1, -0.627613)
(0.82832, 0.1, -0.62832)
(0.829027, 0.1, -0.629027)
(0.829734, 0.1, -0.629734)
(0.830441, 0.1, -0.630441)
(0.831148, 0.1, -0.631148)
(0.831856, 0.1, -0.631856)
(0.832563, 0.1, -0.632563)
(0.83327, 0.1, -0.63327)
(0.833977, 0.1, -0.633977)
(0.834684, 0.1, -0.634684)
(0.835391, 0.1, -0.635391)
(0.836098, 0.1, -0.636098)
(0.836805, 0.1, -0.636805)
(0.837512, 0.1, -0.637512)
(0.838219, 0.1, -0.638219)
(0.838927, 0.1, -0.638927)
(0.839634, 0.1, -0.639634)
(0.840341, 0.1, -0.640341)
(0.841048, 0.1, -0.641048)
(0.841755, 0.1, -0.641755)
(0.842462, 0.1, -0.642462)
(0.843169, 0.1, -0.643169)
(0.843876, 0.1, -0.643876)
(0.844583, 0.1, -0.644583)
(0.845291, 0.1, -0.645291)
(0.845998, 0.1, -0.645998)
(0.846705, 0.1, -0.646705)
(0.847412, 0.1, -0.647412)
(0.848119, 0.1, -0.648119)
(0.848826, 0.1, -0.648826)
(0.849533, 0.1, -0.649533)
(0.85024, 0.1, -0.65024)
(0.850947, 0.1, -0.650947)
(0.851655, 0.1, -0.651655)
(0.852362, 0.1, -0.652362)
(0.853069, 0.1, -0.653069)
(0.853776, 0.1, -0.653776)
(0.854483, 0.1, -0.654483)
(0.85519, 0.1, -0.65519)
(0.855897, 0.1, -0.655897)
(0.856604, 0.1, -0.656604)
(0.857311, 0.1, -0.657311)
(0.858018, 0.1, -0.658018)
(0.858726, 0.1, -0.658726)
(0.859433, 0.1, -0.659433)
(0.86014, 0.1, -0.66014)
(0.860847, 0.1, -0.660847)
(0.861554, 0.1, -0.661554)
(0.862261, 0.1, -0.662261)
(0.862968, 0.1, -0.662968)
(0.863675, 0.1, -0.663675)
(0.864382, 0.1, -0.664382)
(0.86509, 0.1, -0.66509)
(0.865797, 0.1, -0.665797)
(0.866504, 0.1, -0.666504)
(0.867211, 0.1, -0.667211)
(0.867918, 0.1, -0.667918)
(0.868625, 0.1, -0.668625)
(0.869332, 0.1, -0.669332)
(0.870039, 0.1, -0.670039)
(0.870746, 0.1, -0.670746)
(0.871453, 0.1, -0.671453)
(0.872161, 0.1, -0.672161)
(0.872868, 0.1, -0.672868)
(0.873575, 0.1, -0.673575)
(0.874282, 0.1, -0.674282)
(0.874989, 0.1, -0.674989)
(0.875696, 0.1, -0.675696)
(0.876403, 0.1, -0.676403)
(0.87711, 0.1, -0.67711)
(0.877817, 0.1, -0.677817)
(0.878525, 0.1, -0.678525)
(0.879232, 0.1, -0.679232)
(0.879939, 0.1, -0.679939)
(0.880646, 0.1, -0.680646)
(0.881353, 0.1, -0.681353)
(0.88206, 0.1, -0.68206)
(0.882767, 0.1, -0.682767)
(0.883474, 0.1, -0.683474)
(0.884181, 0.1, -0.684181)
(0.884889, 0.1, -0.684889)
(0.885596, 0.1, -0.685596)
(0.886303, 0.1, -0.686303)
(0.88701, 0.1, -0.68701)
(0.887717, 0.1, -0.687717)
(0.888424, 0.1, -0.688424)
(0.889131, 0.1, -0.689131)
(0.889838, 0.1, -0.689838)
(0.890545, 0.1, -0.690545)
(0.891252, 0.1, -0.691252)
(0.89196, 0.1, -0.69196)
(0.892667, 0.1, -0.692667)
(0.893374, 0.1, -0.693374)
(0.894081, 0.1, -0.694081)
(0.894788, 0.1, -0.694788)
(0.895495, 0.1, -0.695495)
(0.896202, 0.1, -0.696202)
(0.896909, 0.1, -0.696909)
(0.897616, 0.1, -0.697616)
(0.898324, 0.1, -0.698324)
(0.899031, 0.1, -0.699031)
(0.899738, 0.1, -0.699738)
(0.900445, 0.1, -0.700445)
(0.901152, 0.1, -0.701152)
(0.901859, 0.1, -0.701859)
(0.902566, 0.1, -0.702566)
(0.903273, 0.1, -0.703273)
(0.90398, 0.1, -0.70398)
(0.904688, 0.1, -0.704688)
(0.905395, 0.1, -0.705395)
(0.906102, 0.1, -0.706102)
(0.906809, 0.1, -0.706809)
(0.907516, 0.1, -0.707516)
(0.908223, 0.1, -0.708223)
(0.90893, 0.1, -0.70893)
(0.909637, 0.1, -0.709637)
(0.910344, 0.1, -0.710344)
(0.911051, 0.1, -0.711051)
(0.911759, 0.1, -0.711759)
(0.912466, 0.1, -0.712466)
(0.913173, 0.1, -0.713173)
(0.91388, 0.1, -0.71388)
(0.914587, 0.1, -0.714587)
(0.915294, 0.1, -0.715294)
(0.916001, 0.1, -0.716001)
(0.916708, 0.1, -0.716708)
(0.917415, 0.1, -0.717415)
(0.918123, 0.1, -0.718123)
(0.91883, 0.1, -0.71883)
(0.919537, 0.1, -0.719537)
(0.920244, 0.1, -0.720244)
(0.920951, 0.1, -0.720951)
(0.921658, 0.1, -0.721658)
(0.922365, 0.1, -0.722365)
(0.923072, 0.1, -0.723072)
(0.923779, 0.1, -0.723779)
(0.924487, 0.1, -0.724487)
(0.925194, 0.1, -0.725194)
(0.925901, 0.1, -0.725901)
(0.926608, 0.1, -0.726608)
(0.927315, 0.1, -0.727315)
(0.928022, 0.1, -0.728022)
(0.928729, 0.1, -0.728729)
(0.929436, 0.1, -0.729436)
(0.930143, 0.1, -0.730143)
(0.93085, 0.1, -0.73085)
(0.931558, 0.1, -0.731558)
(0.932265, 0.1, -0.732265)
(0.932972, 0.1, -0.732972)
(0.933679, 0.1, -0.733679)
(0.934386, 0.1, -0.734386)
(0.935093, 0.1, -0.735093)
(0.9358, 0.1, -0.7358)
(0.936507, 0.1, -0.736507)
(0.937214, 0.1, -0.737214)
(0.937922, 0.1, -0.737922)
(0.938629, 0.1, -0.738629)
(0.939336, 0.1, -0.739336)
(0.940043, 0.1, -0.740043)
(0.94075, 0.1, -0.74075)
(0.941457, 0.1, -0.741457)
(0.942164, 0.1, -0.742164)
(0.942871, 0.1, -0.742871)
(0.943578, 0.1, -0.743578)
(0.944285, 0.1, -0.744285)
(0.944993, 0.1, -0.744993)
(0.9457, 0.1, -0.7457)
(0.946407, 0.1, -0.746407)
(0.947114, 0.1, -0.747114)
(0.947821, 0.1, -0.747821)
(0.948528, 0.1, -0.748528)
(0.949235, 0.1, -0.749235)
(0.949942, 0.1, -0.749942)
(0.950649, 0.1, -0.750649)
(0.951357, 0.1, -0.751357)
(0.952064, 0.1, -0.752064)
(0.952771, 0.1, -0.752771)
(0.953478, 0.1, -0.753478)
(0.954185, 0.1, -0.754185)
(0.954892, 0.1, -0.754892)
(0.955599, 0.1, -0.755599)
(0.956306, 0.1, -0.756306)
(0.957013, 0.1, -0.757013)
(0.957721, 0.1, -0.757721)
(0.958428, 0.1, -0.758428)
(0.959135, 0.1, -0.759135)
(0.959842, 0.1, -0.759842)
(0.960549, 0.1, -0.760549)
(0.961256, 0.1, -0.761256)
(0.961963, 0.1, -0.761963)
(0.96267, 0.1, -0.76267)
(0.963377, 0.1, -0.763377)
(0.964084, 0.1, -0.764084)
(0.964792, 0.1, -0.764792)
(0.965499, 0.1, -0.765499)
(0.966206, 0.1, -0.766206)
(0.966913, 0.1, -0.766913)
(0.96762, 0.1, -0.76762)
(0.968327, 0.1, -0.768327)
(0.969034, 0.1, -0.769034)
(0.969741, 0.1, -0.769741)
(0.970448, 0.1, -0.770448)
(0.971156, 0.1, -0.771156)
(0.971863, 0.1, -0.771863)
(0.97257, 0.1, -0.77257)
(0.973277, 0.1, -0.773277)
(0.973984, 0.1, -0.773984)
(0.974691, 0.1, -0.774691)
(0.975398, 0.1, -0.775398)
(0.976105, 0.1, -0.776105)
(0.976812, 0.1, -0.776812)
(0.97752, 0.1, -0.77752)
(0.978227, 0.1, -0.778227)
(0.978934, 0.1, -0.778934)
(0.979641, 0.1, -0.779641)
(0.980348, 0.1, -0.780348)
(0.981055, 0.1, -0.781055)
(0.981762, 0.1, -0.781762)
(0.982469, 0.1, -0.782469)
(0.983176, 0.1, -0.783176)
(0.983883, 0.1, -0.783883)
(0.984591, 0.1, -0.784591)
(0.985298, 0.1, -0.785298)
(0.986005, 0.1, -0.786005)
(0.986712, 0.1, -0.786712)
(0.987419, 0.1, -0.787419)
(0.988126, 0.1, -0.788126)
(0.988833, 0.1, -0.788833)
(0.98954, 0.1, -0.78954)
(0.990247, 0.1, -0.790247)
(0.990955, 0.1, -0.790955)
(0.991662, 0.1, -0.791662)
(0.992369, 0.1, -0.792369)
(0.993076, 0.1, -0.793076)
(0.993783, 0.1, -0.793783)
(0.99449, 0.1, -0.79449)
(0.995197, 0.1, -0.795197)
(0.995904, 0.1, -0.795904)
(0.996611, 0.1, -0.796611)
(0.997319, 0.1, -0.797319)
(0.998026, 0.1, -0.798026)
(0.998733, 0.1, -0.798733)
(0.99944, 0.1, -0.79944)
(1.00015, 0.1, -0.800147)
(1.00085, 0.1, -0.800854)
(1.00156, 0.1, -0.801561)
(1.00227, 0.1, -0.802268)
(1.00298, 0.1, -0.802975)
(1.00368, 0.1, -0.803682)
(1.00439, 0.1, -0.80439)
(1.0051, 0.1, -0.805097)
(1.0058, 0.1, -0.805804)
(1.00651, 0.1, -0.806511)
(1.00722, 0.1, -0.807218)
(1.00793, 0.1, -0.807925)
(1.00863, 0.1, -0.808632)
(1.00934, 0.1, -0.809339)
(1.01005, 0.1, -0.810046)
(1.01075, 0.1, -0.810754)
(1.01146, 0.1, -0.811461)
(1.01217, 0.1, -0.812168)
(1.01287, 0.1, -0.812875)
(1.01358, 0.1, -0.813582)
(1.01429, 0.1, -0.814289)
(1.015, 0.1, -0.814996)
(1.0157, 0.1, -0.815703)
(1.01641, 0.1, -0.81641)
(1.01712, 0.1, -0.817117)
(1.01782, 0.1, -0.817825)
(1.01853, 0.1, -0.818532)
(1.01924, 0.1, -0.819239)
(1.01995, 0.1, -0.819946)
(1.02065, 0.1, -0.820653)
(1.02136, 0.1, -0.82136)
(1.02207, 0.1, -0.822067)
(1.02277, 0.1, -0.822774)
(1.02348, 0.1, -0.823481)
(1.02419, 0.1, -0.824189)
(1.0249, 0.1, -0.824896)
(1.0256, 0.1, -0.825603)
(1.02631, 0.1, -0.82631)
(1.02702, 0.1, -0.827017)
(1.02772, 0.1, -0.827724)
(1.02843, 0.1, -0.828431)
(1.02914, 0.1, -0.829138)
(1.02985, 0.1, -0.829845)
(1.03055, 0.1, -0.830553)
(1.03126, 0.1, -0.83126)
(1.03197, 0.1, -0.831967)
(1.03267, 0.1, -0.832674)
(1.03338, 0.1, -0.833381)
(1.03409, 0.1, -0.834088)
(1.0348, 0.1, -0.834795)
(1.0355, 0.1, -0.835502)
(1.03621, 0.1, -0.836209)
(1.03692, 0.1, -0.836916)
(1.03762, 0.1, -0.837624)
(1.03833, 0.1, -0.838331)
(1.03904, 0.1, -0.839038)
(1.03974, 0.1, -0.839745)
(1.04045, 0.1, -0.840452)
(1.04116, 0.1, -0.841159)
(1.04187, 0.1, -0.841866)
(1.04257, 0.1, -0.842573)
(1.04328, 0.1, -0.84328)
(1.04399, 0.1, -0.843988)
(1.04469, 0.1, -0.844695)
(1.0454, 0.1, -0.845402)
(1.04611, 0.1, -0.846109)
(1.04682, 0.1, -0.846816)
(1.04752, 0.1, -0.847523)
(1.04823, 0.1, -0.84823)
(1.04894, 0.1, -0.848937)
(1.04964, 0.1, -0.849644)
(1.05035, 0.1, -0.850352)
(1.05106, 0.1, -0.851059)
(1.05177, 0.1, -0.851766)
(1.05247, 0.1, -0.852473)
(1.05318, 0.1, -0.85318)
(1.05389, 0.1, -0.853887)
(1.05459, 0.1, -0.854594)
(1.0553, 0.1, -0.855301)
(1.05601, 0.1, -0.856008)
(1.05672, 0.1, -0.856715)
(1.05742, 0.1, -0.857423)
(1.05813, 0.1, -0.85813)
(1.05884, 0.1, -0.858837)
(1.05954, 0.1, -0.859544)
(1.06025, 0.1, -0.860251)
(1.06096, 0.1, -0.860958)
(1.06167, 0.1, -0.861665)
(1.06237, 0.1, -0.862372)
(1.06308, 0.1, -0.863079)
(1.06379, 0.1, -0.863787)
(1.06449, 0.1, -0.864494)
(1.0652, 0.1, -0.865201)
(1.06591, 0.1, -0.865908)
(1.06661, 0.1, -0.866615)
(1.06732, 0.1, -0.867322)
(1.06803, 0.1, -0.868029)
(1.06874, 0.1, -0.868736)
(1.06944, 0.1, -0.869443)
(1.07015, 0.1, -0.870151)
(1.07086, 0.1, -0.870858)
(1.07156, 0.1, -0.871565)
(1.07227, 0.1, -0.872272)
(1.07298, 0.1, -0.872979)
(1.07369, 0.1, -0.873686)
(1.07439, 0.1, -0.874393)
(1.0751, 0.1, -0.8751)
(1.07581, 0.1, -0.875807)
(1.07651, 0.1, -0.876514)
(1.07722, 0.1, -0.877222)
(1.07793, 0.1, -0.877929)
(1.07864, 0.1, -0.878636)
(1.07934, 0.1, -0.879343)
(1.08005, 0.1, -0.88005)
(1.08076, 0.1, -0.880757)
(1.08146, 0.1, -0.881464)
(1.08217, 0.1, -0.882171)
(1.08288, 0.1, -0.882878)
(1.08359, 0.1, -0.883586)
(1.08429, 0.1, -0.884293)
(1.085, 0.1, -0.885)
(1.08571, 0.1, -0.885707)
(1.08641, 0.1, -0.886414)
(1.08712, 0.1, -0.887121)
(1.08783, 0.1, -0.887828)
(1.08854, 0.1, -0.888535)
(1.08924, 0.1, -0.889242)
(1.08995, 0.1, -0.889949)
(1.09066, 0.1, -0.890657)
(1.09136, 0.1, -0.891364)
(1.09207, 0.1, -0.892071)
(1.09278, 0.1, -0.892778)
(1.09349, 0.1, -0.893485)
(1.09419, 0.1, -0.894192)
(1.0949, 0.1, -0.894899)
(1.09561, 0.1, -0.895606)
(1.09631, 0.1, -0.896313)
(1.09702, 0.1, -0.897021)
(1.09773, 0.1, -0.897728)
(1.09843, 0.1, -0.898435)
(1.09914, 0.1, -0.899142)
(1.09985, 0.1, -0.899849)
(1.10056, 0.1, -0.900556)
(1.10126, 0.1, -0.901263)
(1.10197, 0.1, -0.90197)
(1.10268, 0.1, -0.902677)
(1.10338, 0.1, -0.903385)
(1.10409, 0.1, -0.904092)
(1.1048, 0.1, -0.904799)
(1.10551, 0.1, -0.905506)
(1.10621, 0.1, -0.906213)
(1.10692, 0.1, -0.90692)
(1.10763, 0.1, -0.907627)
(1.10833, 0.1, -0.908334)
(1.10904, 0.1, -0.909041)
(1.10975, 0.1, -0.909748)
(1.11046, 0.1, -0.910456)
(1.11116, 0.1, -0.911163)
(1.11187, 0.1, -0.91187)
(1.11258, 0.1, -0.912577)
(1.11328, 0.1, -0.913284)
(1.11399, 0.1, -0.913991)
(1.1147, 0.1, -0.914698)
(1.11541, 0.1, -0.915405)
(1.11611, 0.1, -0.916112)
(1.11682, 0.1, -0.91682)
(1.11753, 0.1, -0.917527)
(1.11823, 0.1, -0.918234)
(1.11894, 0.1, -0.918941)
(1.11965, 0.1, -0.919648)
(1.12036, 0.1, -0.920355)
(1.12106, 0.1, -0.921062)
(1.12177, 0.1, -0.921769)
(1.12248, 0.1, -0.922476)
(1.12318, 0.1, -0.923184)
(1.12389, 0.1, -0.923891)
(1.1246, 0.1, -0.924598)
(1.1253, 0.1, -0.925305)
(1.12601, 0.1, -0.926012)
(1.12672, 0.1, -0.926719)
(1.12743, 0.1, -0.927426)
(1.12813, 0.1, -0.928133)
(1.12884, 0.1, -0.92884)
(1.12955, 0.1, -0.929547)
(1.13025, 0.1, -0.930255)
(1.13096, 0.1, -0.930962)
(1.13167, 0.1, -0.931669)
(1.13238, 0.1, -0.932376)
(1.13308, 0.1, -0.933083)
(1.13379, 0.1, -0.93379)
(1.1345, 0.1, -0.934497)
(1.1352, 0.1, -0.935204)
(1.13591, 0.1, -0.935911)
(1.13662, 0.1, -0.936619)
(1.13733, 0.1, -0.937326)
(1.13803, 0.1, -0.938033)
(1.13874, 0.1, -0.93874)
(1.13945, 0.1, -0.939447)
(1.14015, 0.1, -0.940154)
(1.14086, 0.1, -0.940861)
(1.14157, 0.1, -0.941568)
(1.14228, 0.1, -0.942275)
(1.14298, 0.1, -0.942983)
(1.14369, 0.1, -0.94369)
(1.1444, 0.1, -0.944397)
(1.1451, 0.1, -0.945104)
(1.14581, 0.1, -0.945811)
(1.14652, 0.1, -0.946518)
(1.14723, 0.1, -0.947225)
(1.14793, 0.1, -0.947932)
(1.14864, 0.1, -0.948639)
(1.14935, 0.1, -0.949346)
(1.15005, 0.1, -0.950054)
(1.15076, 0.1, -0.950761)
(1.15147, 0.1, -0.951468)
(1.15217, 0.1, -0.952175)
(1.15288, 0.1, -0.952882)
(1.15359, 0.1, -0.953589)
(1.1543, 0.1, -0.954296)
(1.155, 0.1, -0.955003)
(1.15571, 0.1, -0.95571)
(1.15642, 0.1, -0.956418)
(1.15712, 0.1, -0.957125)
(1.15783, 0.1, -0.957832)
(1.15854, 0.1, -0.958539)
(1.15925, 0.1, -0.959246)
(1.15995, 0.1, -0.959953)
(1.16066, 0.1, -0.96066)
(1.16137, 0.1, -0.961367)
(1.16207, 0.1, -0.962074)
(1.16278, 0.1, -0.962781)
(1.16349, 0.1, -0.963489)
(1.1642, 0.1, -0.964196)
(1.1649, 0.1, -0.964903)
(1.16561, 0.1, -0.96561)
(1.16632, 0.1, -0.966317)
(1.16702, 0.1, -0.967024)
(1.16773, 0.1, -0.967731)
(1.16844, 0.1, -0.968438)
(1.16915, 0.1, -0.969145)
(1.16985, 0.1, -0.969853)
(1.17056, 0.1, -0.97056)
(1.17127, 0.1, -0.971267)
(1.17197, 0.1, -0.971974)
(1.17268, 0.1, -0.972681)
(1.17339, 0.1, -0.973388)
(1.1741, 0.1, -0.974095)
(1.1748, 0.1, -0.974802)
(1.17551, 0.1, -0.975509)
(1.17622, 0.1, -0.976217)
(1.17692, 0.1, -0.976924)
(1.17763, 0.1, -0.977631)
(1.17834, 0.1, -0.978338)
(1.17904, 0.1, -0.979045)
(1.17975, 0.1, -0.979752)
(1.18046, 0.1, -0.980459)
(1.18117, 0.1, -0.981166)
(1.18187, 0.1, -0.981873)
(1.18258, 0.1, -0.98258)
(1.18329, 0.1, -0.983288)
(1.18399, 0.1, -0.983995)
(1.1847, 0.1, -0.984702)
(1.18541, 0.1, -0.985409)
(1.18612, 0.1, -0.986116)
(1.18682, 0.1, -0.986823)
(1.18753, 0.1, -0.98753)
(1.18824, 0.1, -0.988237)
(1.18894, 0.1, -0.988944)
(1.18965, 0.1, -0.989652)
(1.19036, 0.1, -0.990359)
(1.19107, 0.1, -0.991066)
(1.19177, 0.1, -0.991773)
(1.19248, 0.1, -0.99248)
(1.19319, 0.1, -0.993187)
(1.19389, 0.1, -0.993894)
(1.1946, 0.1, -0.994601)
(1.19531, 0.1, -0.995308)
(1.19602, 0.1, -0.996016)
(1.19672, 0.1, -0.996723)
(1.19743, 0.1, -0.99743)
(1.19814, 0.1, -0.998137)
(1.19884, 0.1, -0.998844)
(1.19955, 0.1, -0.999551)
(1.20026, 0.1, -1.00026)
(1.20097, 0.1, -1.00097)
(1.20167, 0.1, -1.00167)
(1.20238, 0.1, -1.00238)
(1.20309, 0.1, -1.00309)
(1.20379, 0.1, -1.00379)
(1.2045, 0.1, -1.0045)
(1.20521, 0.1, -1.00521)
(1.20592, 0.1, -1.00592)
(1.20662, 0.1, -1.00662)
(1.20733, 0.1, -1.00733)
(1.20804, 0.1, -1.00804)
(1.20874, 0.1, -1.00874)
(1.20945, 0.1, -1.00945)
(1.21016, 0.1, -1.01016)
(1.21086, 0.1, -1.01086)
(1.21157, 0.1, -1.01157)
(1.21228, 0.1, -1.01228)
(1.21299, 0.1, -1.01299)
(1.21369, 0.1, -1.01369)
(1.2144, 0.1, -1.0144)
(1.21511, 0.1, -1.01511)
(1.21581, 0.1, -1.01581)
(1.21652, 0.1, -1.01652)
(1.21723, 0.1, -1.01723)
(1.21794, 0.1, -1.01794)
(1.21864, 0.1, -1.01864)
(1.21935, 0.1, -1.01935)
(1.22006, 0.1, -1.02006)
(1.22076, 0.1, -1.02076)
(1.22147, 0.1, -1.02147)
(1.22218, 0.1, -1.02218)
(1.22289, 0.1, -1.02289)
(1.22359, 0.1, -1.02359)
(1.2243, 0.1, -1.0243)
(1.22501, 0.1, -1.02501)
(1.22571, 0.1, -1.02571)
(1.22642, 0.1, -1.02642)
(1.22713, 0.1, -1.02713)
(1.22784, 0.1, -1.02784)
(1.22854, 0.1, -1.02854)
(1.22925, 0.1, -1.02925)
(1.22996, 0.1, -1.02996)
(1.23066, 0.1, -1.03066)
(1.23137, 0.1, -1.03137)
(1.23208, 0.1, -1.03208)
(1.23279, 0.1, -1.03279)
(1.23349, 0.1, -1.03349)
(1.2342, 0.1, -1.0342)
(1.23491, 0.1, -1.03491)
(1.23561, 0.1, -1.03561)
(1.23632, 0.1, -1.03632)
(1.23703, 0.1, -1.03703)
(1.23773, 0.1, -1.03773)
(1.23844, 0.1, -1.03844)
(1.23915, 0.1, -1.03915)
(1.23986, 0.1, -1.03986)
(1.24056, 0.1, -1.04056)
(1.24127, 0.1, -1.04127)
(1.24198, 0.1, -1.04198)
(1.24268, 0.1, -1.04268)
(1.24339, 0.1, -1.04339)
(1.2441, 0.1, -1.0441)
(1.24481, 0.1, -1.04481)
(1.24551, 0.1, -1.04551)
(1.24622, 0.1, -1.04622)
(1.24693, 0.1, -1.04693)
(1.24763, 0.1, -1.04763)
(1.24834, 0.1, -1.04834)
(1.24905, 0.1, -1.04905)
(1.24976, 0.1, -1.04976)
(1.25046, 0.1, -1.05046)
(1.25117, 0.1, -1.05117)
(1.25188, 0.1, -1.05188)
(1.25258, 0.1, -1.05258)
(1.25329, 0.1, -1.05329)
(1.254, 0.1, -1.054)
(1.25471, 0.1, -1.05471)
(1.25541, 0.1, -1.05541)
(1.25612, 0.1, -1.05612)
(1.25683, 0.1, -1.05683)
(1.25753, 0.1, -1.05753)
(1.25824, 0.1, -1.05824)
(1.25895, 0.1, -1.05895)
(1.25966, 0.1, -1.05966)
(1.26036, 0.1, -1.06036)
(1.26107, 0.1, -1.06107)
(1.26178, 0.1, -1.06178)
(1.26248, 0.1, -1.06248)
(1.26319, 0.1, -1.06319)
(1.2639, 0.1, -1.0639)
(1.2646, 0.1, -1.0646)
(1.26531, 0.1, -1.06531)
(1.26602, 0.1, -1.06602)
(1.26673, 0.1, -1.06673)
(1.26743, 0.1, -1.06743)
(1.26814, 0.1, -1.06814)
(1.26885, 0.1, -1.06885)
(1.26955, 0.1, -1.06955)
(1.27026, 0.1, -1.07026)
(1.27097, 0.1, -1.07097)
(1.27168, 0.1, -1.07168)
(1.27238, 0.1, -1.07238)
(1.27309, 0.1, -1.07309)
(1.2738, 0.1, -1.0738)
(1.2745, 0.1, -1.0745)
(1.27521, 0.1, -1.07521)
(1.27592, 0.1, -1.07592)
(1.27663, 0.1, -1.07663)
(1.27733, 0.1, -1.07733)
(1.27804, 0.1, -1.07804)
(1.27875, 0.1, -1.07875)
(1.27945, 0.1, -1.07945)
(1.28016, 0.1, -1.08016)
(1.28087, 0.1, -1.08087)
(1.28158, 0.1, -1.08158)
(1.28228, 0.1, -1.08228)
(1.28299, 0.1, -1.08299)
(1.2837, 0.1, -1.0837)
(1.2844, 0.1, -1.0844)
(1.28511, 0.1, -1.08511)
(1.28582, 0.1, -1.08582)
(1.28653, 0.1, -1.08653)
(1.28723, 0.1, -1.08723)
(1.28794, 0.1, -1.08794)
(1.28865, 0.1, -1.08865)
(1.28935, 0.1, -1.08935)
(1.29006, 0.1, -1.09006)
(1.29077, 0.1, -1.09077)
(1.29147, 0.1, -1.09147)
(1.29218, 0.1, -1.09218)
(1.29289, 0.1, -1.09289)
(1.2936, 0.1, -1.0936)
(1.2943, 0.1, -1.0943)
(1.29501, 0.1, -1.09501)
(1.29572, 0.1, -1.09572)
(1.29642, 0.1, -1.09642)
(1.29713, 0.1, -1.09713)
(1.29784, 0.1, -1.09784)
(1.29855, 0.1, -1.09855)
(1.29925, 0.1, -1.09925)
(1.29996, 0.1, -1.09996)
(1.30067, 0.1, -1.10067)
(1.30137, 0.1, -1.10137)
(1.30208, 0.1, -1.10208)
(1.30279, 0.1, -1.10279)
(1.3035, 0.1, -1.1035)
(1.3042, 0.1, -1.1042)
(1.30491, 0.1, -1.10491)
(1.30562, 0.1, -1.10562)
(1.30632, 0.1, -1.10632)
(1.30703, 0.1, -1.10703)
(1.30774, 0.1, -1.10774)
(1.30845, 0.1, -1.10845)
(1.30915, 0.1, -1.10915)
(1.30986, 0.1, -1.10986)
(1.31057, 0.1, -1.11057)
(1.31127, 0.1, -1.11127)
(1.31198, 0.1, -1.11198)
(1.31269, 0.1, -1.11269)
(1.3134, 0.1, -1.1134)
(1.3141, 0.1, -1.1141)
(1.31481, 0.1, -1.11481)
(1.31552, 0.1, -1.11552)
(1.31622, 0.1, -1.11622)
(1.31693, 0.1, -1.11693)
(1.31764, 0.1, -1.11764)
(1.31834, 0.1, -1.11834)
(1.31905, 0.1, -1.11905)
(1.31976, 0.1, -1.11976)
(1.32047, 0.1, -1.12047)
(1.32117, 0.1, -1.12117)
(1.32188, 0.1, -1.12188)
(1.32259, 0.1, -1.12259)
(1.32329, 0.1, -1.12329)
(1.324, 0.1, -1.124)
(1.32471, 0.1, -1.12471)
(1.32542, 0.1, -1.12542)
(1.32612, 0.1, -1.12612)
(1.32683, 0.1, -1.12683)
(1.32754, 0.1, -1.12754)
(1.32824, 0.1, -1.12824)
(1.32895, 0.1, -1.12895)
(1.32966, 0.1, -1.12966)
(1.33037, 0.1, -1.13037)
(1.33107, 0.1, -1.13107)
(1.33178, 0.1, -1.13178)
(1.33249, 0.1, -1.13249)
(1.33319, 0.1, -1.13319)
(1.3339, 0.1, -1.1339)
(1.33461, 0.1, -1.13461)
(1.33532, 0.1, -1.13532)
(1.33602, 0.1, -1.13602)
(1.33673, 0.1, -1.13673)
(1.33744, 0.1, -1.13744)
(1.33814, 0.1, -1.13814)
(1.33885, 0.1, -1.13885)
(1.33956, 0.1, -1.13956)
(1.34027, 0.1, -1.14027)
(1.34097, 0.1, -1.14097)
(1.34168, 0.1, -1.14168)
(1.34239, 0.1, -1.14239)
(1.34309, 0.1, -1.14309)
(1.3438, 0.1, -1.1438)
(1.34451, 0.1, -1.14451)
(1.34522, 0.1, -1.14522)
(1.34592, 0.1, -1.14592)
(1.34663, 0.1, -1.14663)
(1.34734, 0.1, -1.14734)
(1.34804, 0.1, -1.14804)
(1.34875, 0.1, -1.14875)
(1.34946, 0.1, -1.14946)
(1.35016, 0.1, -1.15016)
(1.35087, 0.1, -1.15087)
(1.35158, 0.1, -1.15158)
(1.35229, 0.1, -1.15229)
(1.35299, 0.1, -1.15299)
(1.3537, 0.1, -1.1537)
(1.35441, 0.1, -1.15441)
(1.35511, 0.1, -1.15511)
(1.35582, 0.1, -1.15582)
(1.35653, 0.1, -1.15653)
(1.35724, 0.1, -1.15724)
(1.35794, 0.1, -1.15794)
(1.35865, 0.1, -1.15865)
(1.35936, 0.1, -1.15936)
(1.36006, 0.1, -1.16006)
(1.36077, 0.1, -1.16077)
(1.36148, 0.1, -1.16148)
(1.36219, 0.1, -1.16219)
(1.36289, 0.1, -1.16289)
(1.3636, 0.1, -1.1636)
(1.36431, 0.1, -1.16431)
(1.36501, 0.1, -1.16501)
(1.36572, 0.1, -1.16572)
(1.36643, 0.1, -1.16643)
(1.36714, 0.1, -1.16714)
(1.36784, 0.1, -1.16784)
(1.36855, 0.1, -1.16855)
(1.36926, 0.1, -1.16926)
(1.36996, 0.1, -1.16996)
(1.37067, 0.1, -1.17067)
(1.37138, 0.1, -1.17138)
(1.37209, 0.1, -1.17209)
(1.37279, 0.1, -1.17279)
(1.3735, 0.1, -1.1735)
(1.37421, 0.1, -1.17421)
(1.37491, 0.1, -1.17491)
(1.37562, 0.1, -1.17562)
(1.37633, 0.1, -1.17633)
(1.37703, 0.1, -1.17703)
(1.37774, 0.1, -1.17774)
(1.37845, 0.1, -1.17845)
(1.37916, 0.1, -1.17916)
(1.37986, 0.1, -1.17986)
(1.38057, 0.1, -1.18057)
(1.38128, 0.1, -1.18128)
(1.38198, 0.1, -1.18198)
(1.38269, 0.1, -1.18269)
(1.3834, 0.1, -1.1834)
(1.38411, 0.1, -1.18411)
(1.38481, 0.1, -1.18481)
(1.38552, 0.1, -1.18552)
(1.38623, 0.1, -1.18623)
(1.38693, 0.1, -1.18693)
(1.38764, 0.1, -1.18764)
(1.38835, 0.1, -1.18835)
(1.38906, 0.1, -1.18906)
(1.38976, 0.1, -1.18976)
(1.39047, 0.1, -1.19047)
(1.39118, 0.1, -1.19118)
(1.39188, 0.1, -1.19188)
(1.39259, 0.1, -1.19259)
(1.3933, 0.1, -1.1933)
(1.39401, 0.1, -1.19401)
(1.39471, 0.1, -1.19471)
(1.39542, 0.1, -1.19542)
(1.39613, 0.1, -1.19613)
(1.39683, 0.1, -1.19683)
(1.39754, 0.1, -1.19754)
(1.39825, 0.1, -1.19825)
(1.39896, 0.1, -1.19896)
(1.39966, 0.1, -1.19966)
(1.40037, 0.1, -1.20037)
(1.40108, 0.1, -1.20108)
(1.40178, 0.1, -1.20178)
(1.40249, 0.1, -1.20249)
(1.4032, 0.1, -1.2032)
(1.4039, 0.1, -1.2039)
(1.40461, 0.1, -1.20461)
(1.40532, 0.1, -1.20532)
(1.40603, 0.1, -1.20603)
(1.40673, 0.1, -1.20673)
(1.40744, 0.1, -1.20744)
(1.40815, 0.1, -1.20815)
(1.40885, 0.1, -1.20885)
(1.40956, 0.1, -1.20956)
(1.41027, 0.1, -1.21027)
(1.41098, 0.1, -1.21098)
(1.41168, 0.1, -1.21168)
(1.41239, 0.1, -1.21239)
(1.4131, 0.1, -1.2131)
(1.4138, 0.1, -1.2138)
(1.41451, 0.1, -1.21451)
(1.41522, 0.1, -1.21522)
(1.41593, 0.1, -1.21593)
(1.41663, 0.1, -1.21663)
(1.41734, 0.1, -1.21734)
(1.41805, 0.1, -1.21805)
(1.41875, 0.1, -1.21875)
(1.41946, 0.1, -1.21946)
(1.42017, 0.1, -1.22017)
(1.42088, 0.1, -1.22088)
(1.42158, 0.1, -1.22158)
(1.42229, 0.1, -1.22229)
(1.423, 0.1, -1.223)
(1.4237, 0.1, -1.2237)
(1.42441, 0.1, -1.22441)
(1.42512, 0.1, -1.22512)
(1.42583, 0.1, -1.22583)
(1.42653, 0.1, -1.22653)
(1.42724, 0.1, -1.22724)
(1.42795, 0.1, -1.22795)
(1.42865, 0.1, -1.22865)
(1.42936, 0.1, -1.22936)
(1.43007, 0.1, -1.23007)
(1.43077, 0.1, -1.23077)
(1.43148, 0.1, -1.23148)
(1.43219, 0.1, -1.23219)
(1.4329, 0.1, -1.2329)
(1.4336, 0.1, -1.2336)
(1.43431, 0.1, -1.23431)
(1.43502, 0.1, -1.23502)
(1.43572, 0.1, -1.23572)
(1.43643, 0.1, -1.23643)
(1.43714, 0.1, -1.23714)
(1.43785, 0.1, -1.23785)
(1.43855, 0.1, -1.23855)
(1.43926, 0.1, -1.23926)
(1.43997, 0.1, -1.23997)
(1.44067, 0.1, -1.24067)
(1.44138, 0.1, -1.24138)
(1.44209, 0.1, -1.24209)
(1.4428, 0.1, -1.2428)
(1.4435, 0.1, -1.2435)
(1.44421, 0.1, -1.24421)
(1.44492, 0.1, -1.24492)
(1.44562, 0.1, -1.24562)
(1.44633, 0.1, -1.24633)
(1.44704, 0.1, -1.24704)
(1.44775, 0.1, -1.24775)
(1.44845, 0.1, -1.24845)
(1.44916, 0.1, -1.24916)
(1.44987, 0.1, -1.24987)
(1.45057, 0.1, -1.25057)
(1.45128, 0.1, -1.25128)
(1.45199, 0.1, -1.25199)
(1.4527, 0.1, -1.2527)
(1.4534, 0.1, -1.2534)
(1.45411, 0.1, -1.25411)
(1.45482, 0.1, -1.25482)
(1.45552, 0.1, -1.25552)
(1.45623, 0.1, -1.25623)
(1.45694, 0.1, -1.25694)
(1.45765, 0.1, -1.25765)
(1.45835, 0.1, -1.25835)
(1.45906, 0.1, -1.25906)
(1.45977, 0.1, -1.25977)
(1.46047, 0.1, -1.26047)
(1.46118, 0.1, -1.26118)
(1.46189, 0.1, -1.26189)
(1.46259, 0.1, -1.26259)
(1.4633, 0.1, -1.2633)
(1.46401, 0.1, -1.26401)
(1.46472, 0.1, -1.26472)
(1.46542, 0.1, -1.26542)
(1.46613, 0.1, -1.26613)
(1.46684, 0.1, -1.26684)
(1.46754, 0.1, -1.26754)
(1.46825, 0.1, -1.26825)
(1.46896, 0.1, -1.26896)
(1.46967, 0.1, -1.26967)
(1.47037, 0.1, -1.27037)
(1.47108, 0.1, -1.27108)
(1.47179, 0.1, -1.27179)
(1.47249, 0.1, -1.27249)
(1.4732, 0.1, -1.2732)
(1.47391, 0.1, -1.27391)
(1.47462, 0.1, -1.27462)
(1.47532, 0.1, -1.27532)
(1.47603, 0.1, -1.27603)
(1.47674, 0.1, -1.27674)
(1.47744, 0.1, -1.27744)
(1.47815, 0.1, -1.27815)
(1.47886, 0.1, -1.27886)
(1.47957, 0.1, -1.27957)
(1.48027, 0.1, -1.28027)
(1.48098, 0.1, -1.28098)
(1.48169, 0.1, -1.28169)
(1.48239, 0.1, -1.28239)
(1.4831, 0.1, -1.2831)
(1.48381, 0.1, -1.28381)
(1.48452, 0.1, -1.28452)
(1.48522, 0.1, -1.28522)
(1.48593, 0.1, -1.28593)
(1.48664, 0.1, -1.28664)
(1.48734, 0.1, -1.28734)
(1.48805, 0.1, -1.28805)
(1.48876, 0.1, -1.28876)
(1.48946, 0.1, -1.28946)
(1.49017, 0.1, -1.29017)
(1.49088, 0.1, -1.29088)
(1.49159, 0.1, -1.29159)
(1.49229, 0.1, -1.29229)
(1.493, 0.1, -1.293)
(1.49371, 0.1, -1.29371)
(1.49441, 0.1, -1.29441)
(1.49512, 0.1, -1.29512)
(1.49583, 0.1, -1.29583)
(1.49654, 0.1, -1.29654)
(1.49724, 0.1, -1.29724)
(1.49795, 0.1, -1.29795)
(1.49866, 0.1, -1.29866)
(1.49936, 0.1, -1.29936)
(1.50007, 0.1, -1.30007)
(1.50078, 0.1, -1.30078)
(1.50149, 0.1, -1.30149)
(1.50219, 0.1, -1.30219)
(1.5029, 0.1, -1.3029)
(1.50361, 0.1, -1.30361)
(1.50431, 0.1, -1.30431)
(1.50502, 0.1, -1.30502)
(1.50573, 0.1, -1.30573)
(1.50644, 0.1, -1.30644)
(1.50714, 0.1, -1.30714)
(1.50785, 0.1, -1.30785)
(1.50856, 0.1, -1.30856)
(1.50926, 0.1, -1.30926)
(1.50997, 0.1, -1.30997)
(1.51068, 0.1, -1.31068)
(1.51139, 0.1, -1.31139)
(1.51209, 0.1, -1.31209)
(1.5128, 0.1, -1.3128)
(1.51351, 0.1, -1.31351)
(1.51421, 0.1, -1.31421)
(1.51492, 0.1, -1.31492)
(1.51563, 0.1, -1.31563)
(1.51633, 0.1, -1.31633)
(1.51704, 0.1, -1.31704)
(1.51775, 0.1, -1.31775)
(1.51846, 0.1, -1.31846)
(1.51916, 0.1, -1.31916)
(1.51987, 0.1, -1.31987)
(1.52058, 0.1, -1.32058)
(1.52128, 0.1, -1.32128)
(1.52199, 0.1, -1.32199)
(1.5227, 0.1, -1.3227)
(1.52341, 0.1, -1.32341)
(1.52411, 0.1, -1.32411)
(1.52482, 0.1, -1.32482)
(1.52553, 0.1, -1.32553)
(1.52623, 0.1, -1.32623)
(1.52694, 0.1, -1.32694)
(1.52765, 0.1, -1.32765)
(1.52836, 0.1, -1.32836)
(1.52906, 0.1, -1.32906)
(1.52977, 0.1, -1.32977)
(1.53048, 0.1, -1.33048)
(1.53118, 0.1, -1.33118)
(1.53189, 0.1, -1.33189)
(1.5326, 0.1, -1.3326)
(1.53331, 0.1, -1.33331)
(1.53401, 0.1, -1.33401)
(1.53472, 0.1, -1.33472)
(1.53543, 0.1, -1.33543)
(1.53613, 0.1, -1.33613)
(1.53684, 0.1, -1.33684)
(1.53755, 0.1, -1.33755)
(1.53826, 0.1, -1.33826)
(1.53896, 0.1, -1.33896)
(1.53967, 0.1, -1.33967)
(1.54038, 0.1, -1.34038)
(1.54108, 0.1, -1.34108)
(1.54179, 0.1, -1.34179)
(1.5425, 0.1, -1.3425)
(1.5432, 0.1, -1.3432)
(1.54391, 0.1, -1.34391)
(1.54462, 0.1, -1.34462)
(1.54533, 0.1, -1.34533)
(1.54603, 0.1, -1.34603)
(1.54674, 0.1, -1.34674)
(1.54745, 0.1, -1.34745)
(1.54815, 0.1, -1.34815)
(1.54886, 0.1, -1.34886)
(1.54957, 0.1, -1.34957)
(1.55028, 0.1, -1.35028)
(1.55098, 0.1, -1.35098)
(1.55169, 0.1, -1.35169)
(1.5524, 0.1, -1.3524)
(1.5531, 0.1, -1.3531)
(1.55381, 0.1, -1.35381)
(1.55452, 0.1, -1.35452)
(1.55523, 0.1, -1.35523)
(1.55593, 0.1, -1.35593)
(1.55664, 0.1, -1.35664)
(1.55735, 0.1, -1.35735)
(1.55805, 0.1, -1.35805)
(1.55876, 0.1, -1.35876)
(1.55947, 0.1, -1.35947)
(1.56018, 0.1, -1.36018)
(1.56088, 0.1, -1.36088)
(1.56159, 0.1, -1.36159)
(1.5623, 0.1, -1.3623)
(1.563, 0.1, -1.363)
(1.56371, 0.1, -1.36371)
(1.56442, 0.1, -1.36442)
(1.56513, 0.1, -1.36513)
(1.56583, 0.1, -1.36583)
(1.56654, 0.1, -1.36654)
(1.56725, 0.1, -1.36725)
(1.56795, 0.1, -1.36795)
(1.56866, 0.1, -1.36866)
(1.56937, 0.1, -1.36937)
(1.57007, 0.1, -1.37007)
(1.57078, 0.1, -1.37078)
(1.57149, 0.1, -1.37149)
(1.5722, 0.1, -1.3722)
(1.5729, 0.1, -1.3729)
(1.57361, 0.1, -1.37361)
(1.57432, 0.1, -1.37432)
(1.57502, 0.1, -1.37502)
(1.57573, 0.1, -1.37573)
(1.57644, 0.1, -1.37644)
(1.57715, 0.1, -1.37715)
(1.57785, 0.1, -1.37785)
(1.57856, 0.1, -1.37856)
(1.57927, 0.1, -1.37927)
(1.57997, 0.1, -1.37997)
(1.58068, 0.1, -1.38068)
(1.58139, 0.1, -1.38139)
(1.5821, 0.1, -1.3821)
(1.5828, 0.1, -1.3828)
(1.58351, 0.1, -1.38351)
(1.58422, 0.1, -1.38422)
(1.58492, 0.1, -1.38492)
(1.58563, 0.1, -1.38563)
(1.58634, 0.1, -1.38634)
(1.58705, 0.1, -1.38705)
(1.58775, 0.1, -1.38775)
(1.58846, 0.1, -1.38846)
(1.58917, 0.1, -1.38917)
(1.58987, 0.1, -1.38987)
(1.59058, 0.1, -1.39058)
(1.59129, 0.1, -1.39129)
(1.592, 0.1, -1.392)
(1.5927, 0.1, -1.3927)
(1.59341, 0.1, -1.39341)
(1.59412, 0.1, -1.39412)
(1.59482, 0.1, -1.39482)
(1.59553, 0.1, -1.39553)
(1.59624, 0.1, -1.39624)
(1.59695, 0.1, -1.39695)
(1.59765, 0.1, -1.39765)
(1.59836, 0.1, -1.39836)
(1.59907, 0.1, -1.39907)
(1.59977, 0.1, -1.39977)
(1.60048, 0.1, -1.40048)
(1.60119, 0.1, -1.40119)
(1.60189, 0.1, -1.40189)
(1.6026, 0.1, -1.4026)
(1.60331, 0.1, -1.40331)
(1.60402, 0.1, -1.40402)
(1.60472, 0.1, -1.40472)
(1.60543, 0.1, -1.40543)
(1.60614, 0.1, -1.40614)
(1.60684, 0.1, -1.40684)
(1.60755, 0.1, -1.40755)
(1.60826, 0.1, -1.40826)
(1.60897, 0.1, -1.40897)
(1.60967, 0.1, -1.40967)
(1.61038, 0.1, -1.41038)
(1.61109, 0.1, -1.41109)
(1.61179, 0.1, -1.41179)
(1.6125, 0.1, -1.4125)
(1.61321, 0.1, -1.41321)
(1.61392, 0.1, -1.41392)
(1.61462, 0.1, -1.41462)
(1.61533, 0.1, -1.41533)
(1.61604, 0.1, -1.41604)
(1.61674, 0.1, -1.41674)
(1.61745, 0.1, -1.41745)
(1.61816, 0.1, -1.41816)
(1.61887, 0.1, -1.41887)
(1.61957, 0.1, -1.41957)
(1.62028, 0.1, -1.42028)
(1.62099, 0.1, -1.42099)
(1.62169, 0.1, -1.42169)
(1.6224, 0.1, -1.4224)
(1.62311, 0.1, -1.42311)
(1.62382, 0.1, -1.42382)
(1.62452, 0.1, -1.42452)
(1.62523, 0.1, -1.42523)
(1.62594, 0.1, -1.42594)
(1.62664, 0.1, -1.42664)
(1.62735, 0.1, -1.42735)
(1.62806, 0.1, -1.42806)
(1.62876, 0.1, -1.42876)
(1.62947, 0.1, -1.42947)
(1.63018, 0.1, -1.43018)
(1.63089, 0.1, -1.43089)
(1.63159, 0.1, -1.43159)
(1.6323, 0.1, -1.4323)
(1.63301, 0.1, -1.43301)
(1.63371, 0.1, -1.43371)
(1.63442, 0.1, -1.43442)
(1.63513, 0.1, -1.43513)
(1.63584, 0.1, -1.43584)
(1.63654, 0.1, -1.43654)
(1.63725, 0.1, -1.43725)
(1.63796, 0.1, -1.43796)
(1.63866, 0.1, -1.43866)
(1.63937, 0.1, -1.43937)
(1.64008, 0.1, -1.44008)
(1.64079, 0.1, -1.44079)
(1.64149, 0.1, -1.44149)
(1.6422, 0.1, -1.4422)
(1.64291, 0.1, -1.44291)
(1.64361, 0.1, -1.44361)
(1.64432, 0.1, -1.44432)
(1.64503, 0.1, -1.44503)
(1.64574, 0.1, -1.44574)
(1.64644, 0.1, -1.44644)
(1.64715, 0.1, -1.44715)
(1.64786, 0.1, -1.44786)
(1.64856, 0.1, -1.44856)
(1.64927, 0.1, -1.44927)
(1.64998, 0.1, -1.44998)
(1.65069, 0.1, -1.45069)
(1.65139, 0.1, -1.45139)
(1.6521, 0.1, -1.4521)
(1.65281, 0.1, -1.45281)
(1.65351, 0.1, -1.45351)
(1.65422, 0.1, -1.45422)
(1.65493, 0.1, -1.45493)
(1.65563, 0.1, -1.45563)
(1.65634, 0.1, -1.45634)
(1.65705, 0.1, -1.45705)
(1.65776, 0.1, -1.45776)
(1.65846, 0.1, -1.45846)
(1.65917, 0.1, -1.45917)
(1.65988, 0.1, -1.45988)
(1.66058, 0.1, -1.46058)
(1.66129, 0.1, -1.46129)
(1.662, 0.1, -1.462)
(1.66271, 0.1, -1.46271)
(1.66341, 0.1, -1.46341)
(1.66412, 0.1, -1.46412)
(1.66483, 0.1, -1.46483)
(1.66553, 0.1, -1.46553)
(1.66624, 0.1, -1.46624)
(1.66695, 0.1, -1.46695)
(1.66766, 0.1, -1.46766)
(1.66836, 0.1, -1.46836)
(1.66907, 0.1, -1.46907)
(1.66978, 0.1, -1.46978)
(1.67048, 0.1, -1.47048)
(1.67119, 0.1, -1.47119)
(1.6719, 0.1, -1.4719)
(1.67261, 0.1, -1.47261)
(1.67331, 0.1, -1.47331)
(1.67402, 0.1, -1.47402)
(1.67473, 0.1, -1.47473)
(1.67543, 0.1, -1.47543)
(1.67614, 0.1, -1.47614)
(1.67685, 0.1, -1.47685)
(1.67756, 0.1, -1.47756)
(1.67826, 0.1, -1.47826)
(1.67897, 0.1, -1.47897)
(1.67968, 0.1, -1.47968)
(1.68038, 0.1, -1.48038)
(1.68109, 0.1, -1.48109)
(1.6818, 0.1, -1.4818)
(1.6825, 0.1, -1.4825)
(1.68321, 0.1, -1.48321)
(1.68392, 0.1, -1.48392)
(1.68463, 0.1, -1.48463)
(1.68533, 0.1, -1.48533)
(1.68604, 0.1, -1.48604)
(1.68675, 0.1, -1.48675)
(1.68745, 0.1, -1.48745)
(1.68816, 0.1, -1.48816)
(1.68887, 0.1, -1.48887)
(1.68958, 0.1, -1.48958)
(1.69028, 0.1, -1.49028)
(1.69099, 0.1, -1.49099)
(1.6917, 0.1, -1.4917)
(1.6924, 0.1, -1.4924)
(1.69311, 0.1, -1.49311)
(1.69382, 0.1, -1.49382)
(1.69453, 0.1, -1.49453)
(1.69523, 0.1, -1.49523)
(1.69594, 0.1, -1.49594)
(1.69665, 0.1, -1.49665)
(1.69735, 0.1, -1.49735)
(1.69806, 0.1, -1.49806)
(1.69877, 0.1, -1.49877)
(1.69948, 0.1, -1.49948)
(1.70018, 0.1, -1.50018)
(1.70089, 0.1, -1.50089)
(1.7016, 0.1, -1.5016)
(1.7023, 0.1, -1.5023)
(1.70301, 0.1, -1.50301)
(1.70372, 0.1, -1.50372)
(1.70443, 0.1, -1.50443)
(1.70513, 0.1, -1.50513)
(1.70584, 0.1, -1.50584)
(1.70655, 0.1, -1.50655)
(1.70725, 0.1, -1.50725)
(1.70796, 0.1, -1.50796)
(1.70867, 0.1, -1.50867)
(1.70938, 0.1, -1.50938)
(1.71008, 0.1, -1.51008)
(1.71079, 0.1, -1.51079)
(1.7115, 0.1, -1.5115)
(1.7122, 0.1, -1.5122)
(1.71291, 0.1, -1.51291)
(1.71362, 0.1, -1.51362)
(1.71432, 0.1, -1.51432)
(1.71503, 0.1, -1.51503)
(1.71574, 0.1, -1.51574)
(1.71645, 0.1, -1.51645)
(1.71715, 0.1, -1.51715)
(1.71786, 0.1, -1.51786)
(1.71857, 0.1, -1.51857)
(1.71927, 0.1, -1.51927)
(1.71998, 0.1, -1.51998)
(1.72069, 0.1, -1.52069)
(1.7214, 0.1, -1.5214)
(1.7221, 0.1, -1.5221)
(1.72281, 0.1, -1.52281)
(1.72352, 0.1, -1.52352)
(1.72422, 0.1, -1.52422)
(1.72493, 0.1, -1.52493)
(1.72564, 0.1, -1.52564)
(1.72635, 0.1, -1.52635)
(1.72705, 0.1, -1.52705)
(1.72776, 0.1, -1.52776)
(1.72847, 0.1, -1.52847)
(1.72917, 0.1, -1.52917)
(1.72988, 0.1, -1.52988)
(1.73059, 0.1, -1.53059)
(1.7313, 0.1, -1.5313)
(1.732, 0.1, -1.532)
(1.73271, 0.1, -1.53271)
(1.73342, 0.1, -1.53342)
(1.73412, 0.1, -1.53412)
(1.73483, 0.1, -1.53483)
(1.73554, 0.1, -1.53554)
(1.73625, 0.1, -1.53625)
(1.73695, 0.1, -1.53695)
(1.73766, 0.1, -1.53766)
(1.73837, 0.1, -1.53837)
(1.73907, 0.1, -1.53907)
(1.73978, 0.1, -1.53978)
(1.74049, 0.1, -1.54049)
(1.74119, 0.1, -1.54119)
(1.7419, 0.1, -1.5419)
(1.74261, 0.1, -1.54261)
(1.74332, 0.1, -1.54332)
(1.74402, 0.1, -1.54402)
(1.74473, 0.1, -1.54473)
(1.74544, 0.1, -1.54544)
(1.74614, 0.1, -1.54614)
(1.74685, 0.1, -1.54685)
(1.74756, 0.1, -1.54756)
(1.74827, 0.1, -1.54827)
(1.74897, 0.1, -1.54897)
(1.74968, 0.1, -1.54968)
(1.75039, 0.1, -1.55039)
(1.75109, 0.1, -1.55109)
(1.7518, 0.1, -1.5518)
(1.75251, 0.1, -1.55251)
(1.75322, 0.1, -1.55322)
(1.75392, 0.1, -1.55392)
(1.75463, 0.1, -1.55463)
(1.75534, 0.1, -1.55534)
(1.75604, 0.1, -1.55604)
(1.75675, 0.1, -1.55675)
(1.75746, 0.1, -1.55746)
(1.75817, 0.1, -1.55817)
(1.75887, 0.1, -1.55887)
(1.75958, 0.1, -1.55958)
(1.76029, 0.1, -1.56029)
(1.76099, 0.1, -1.56099)
(1.7617, 0.1, -1.5617)
(1.76241, 0.1, -1.56241)
(1.76312, 0.1, -1.56312)
(1.76382, 0.1, -1.56382)
(1.76453, 0.1, -1.56453)
(1.76524, 0.1, -1.56524)
(1.76594, 0.1, -1.56594)
(1.76665, 0.1, -1.56665)
(1.76736, 0.1, -1.56736)
(1.76806, 0.1, -1.56806)
(1.76877, 0.1, -1.56877)
(1.76948, 0.1, -1.56948)
(1.77019, 0.1, -1.57019)
(1.77089, 0.1, -1.57089)
(1.7716, 0.1, -1.5716)
(1.77231, 0.1, -1.57231)
(1.77301, 0.1, -1.57301)
(1.77372, 0.1, -1.57372)
(1.77443, 0.1, -1.57443)
(1.77514, 0.1, -1.57514)
(1.77584, 0.1, -1.57584)
(1.77655, 0.1, -1.57655)
(1.77726, 0.1, -1.57726)
(1.77796, 0.1, -1.57796)
(1.77867, 0.1, -1.57867)
(1.77938, 0.1, -1.57938)
(1.78009, 0.1, -1.58009)
(1.78079, 0.1, -1.58079)
(1.7815, 0.1, -1.5815)
(1.78221, 0.1, -1.58221)
(1.78291, 0.1, -1.58291)
(1.78362, 0.1, -1.58362)
(1.78433, 0.1, -1.58433)
(1.78504, 0.1, -1.58504)
(1.78574, 0.1, -1.58574)
(1.78645, 0.1, -1.58645)
(1.78716, 0.1, -1.58716)
(1.78786, 0.1, -1.58786)
(1.78857, 0.1, -1.58857)
(1.78928, 0.1, -1.58928)
(1.78999, 0.1, -1.58999)
(1.79069, 0.1, -1.59069)
(1.7914, 0.1, -1.5914)
(1.79211, 0.1, -1.59211)
(1.79281, 0.1, -1.59281)
(1.79352, 0.1, -1.59352)
(1.79423, 0.1, -1.59423)
(1.79493, 0.1, -1.59493)
(1.79564, 0.1, -1.59564)
(1.79635, 0.1, -1.59635)
(1.79706, 0.1, -1.59706)
(1.79776, 0.1, -1.59776)
(1.79847, 0.1, -1.59847)
(1.79918, 0.1, -1.59918)
(1.79988, 0.1, -1.59988)
(1.80059, 0.1, -1.60059)
(1.8013, 0.1, -1.6013)
(1.80201, 0.1, -1.60201)
(1.80271, 0.1, -1.60271)
(1.80342, 0.1, -1.60342)
(1.80413, 0.1, -1.60413)
(1.80483, 0.1, -1.60483)
(1.80554, 0.1, -1.60554)
(1.80625, 0.1, -1.60625)
(1.80696, 0.1, -1.60696)
(1.80766, 0.1, -1.60766)
(1.80837, 0.1, -1.60837)
(1.80908, 0.1, -1.60908)
(1.80978, 0.1, -1.60978)
(1.81049, 0.1, -1.61049)
(1.8112, 0.1, -1.6112)
(1.81191, 0.1, -1.61191)
(1.81261, 0.1, -1.61261)
(1.81332, 0.1, -1.61332)
(1.81403, 0.1, -1.61403)
(1.81473, 0.1, -1.61473)
(1.81544, 0.1, -1.61544)
(1.81615, 0.1, -1.61615)
(1.81686, 0.1, -1.61686)
(1.81756, 0.1, -1.61756)
(1.81827, 0.1, -1.61827)
(1.81898, 0.1, -1.61898)
(1.81968, 0.1, -1.61968)
(1.82039, 0.1, -1.62039)
(1.8211, 0.1, -1.6211)
(1.82181, 0.1, -1.62181)
(1.82251, 0.1, -1.62251)
(1.82322, 0.1, -1.62322)
(1.82393, 0.1, -1.62393)
(1.82463, 0.1, -1.62463)
(1.82534, 0.1, -1.62534)
(1.82605, 0.1, -1.62605)
(1.82675, 0.1, -1.62675)
(1.82746, 0.1, -1.62746)
(1.82817, 0.1, -1.62817)
(1.82888, 0.1, -1.62888)
(1.82958, 0.1, -1.62958)
(1.83029, 0.1, -1.63029)
(1.831, 0.1, -1.631)
(1.8317, 0.1, -1.6317)
(1.83241, 0.1, -1.63241)
(1.83312, 0.1, -1.63312)
(1.83383, 0.1, -1.63383)
(1.83453, 0.1, -1.63453)
(1.83524, 0.1, -1.63524)
(1.83595, 0.1, -1.63595)
(1.83665, 0.1, -1.63665)
(1.83736, 0.1, -1.63736)
(1.83807, 0.1, -1.63807)
(1.83878, 0.1, -1.63878)
(1.83948, 0.1, -1.63948)
(1.84019, 0.1, -1.64019)
(1.8409, 0.1, -1.6409)
(1.8416, 0.1, -1.6416)
(1.84231, 0.1, -1.64231)
(1.84302, 0.1, -1.64302)
(1.84373, 0.1, -1.64373)
(1.84443, 0.1, -1.64443)
(1.84514, 0.1, -1.64514)
(1.84585, 0.1, -1.64585)
(1.84655, 0.1, -1.64655)
(1.84726, 0.1, -1.64726)
(1.84797, 0.1, -1.64797)
(1.84868, 0.1, -1.64868)
(1.84938, 0.1, -1.64938)
(1.85009, 0.1, -1.65009)
(1.8508, 0.1, -1.6508)
(1.8515, 0.1, -1.6515)
(1.85221, 0.1, -1.65221)
(1.85292, 0.1, -1.65292)
(1.85362, 0.1, -1.65362)
(1.85433, 0.1, -1.65433)
(1.85504, 0.1, -1.65504)
(1.85575, 0.1, -1.65575)
(1.85645, 0.1, -1.65645)
(1.85716, 0.1, -1.65716)
(1.85787, 0.1, -1.65787)
(1.85857, 0.1, -1.65857)
(1.85928, 0.1, -1.65928)
(1.85999, 0.1, -1.65999)
(1.8607, 0.1, -1.6607)
(1.8614, 0.1, -1.6614)
(1.86211, 0.1, -1.66211)
(1.86282, 0.1, -1.66282)
(1.86352, 0.1, -1.66352)
(1.86423, 0.1, -1.66423)
(1.86494, 0.1, -1.66494)
(1.86565, 0.1, -1.66565)
(1.86635, 0.1, -1.66635)
(1.86706, 0.1, -1.66706)
(1.86777, 0.1, -1.66777)
(1.86847, 0.1, -1.66847)
(1.86918, 0.1, -1.66918)
(1.86989, 0.1, -1.66989)
(1.8706, 0.1, -1.6706)
(1.8713, 0.1, -1.6713)
(1.87201, 0.1, -1.67201)
(1.87272, 0.1, -1.67272)
(1.87342, 0.1, -1.67342)
(1.87413, 0.1, -1.67413)
(1.87484, 0.1, -1.67484)
(1.87555, 0.1, -1.67555)
(1.87625, 0.1, -1.67625)
(1.87696, 0.1, -1.67696)
(1.87767, 0.1, -1.67767)
(1.87837, 0.1, -1.67837)
(1.87908, 0.1, -1.67908)
(1.87979, 0.1, -1.67979)
(1.88049, 0.1, -1.68049)
(1.8812, 0.1, -1.6812)
(1.88191, 0.1, -1.68191)
(1.88262, 0.1, -1.68262)
(1.88332, 0.1, -1.68332)
(1.88403, 0.1, -1.68403)
(1.88474, 0.1, -1.68474)
(1.88544, 0.1, -1.68544)
(1.88615, 0.1, -1.68615)
(1.88686, 0.1, -1.68686)
(1.88757, 0.1, -1.68757)
(1.88827, 0.1, -1.68827)
(1.88898, 0.1, -1.68898)
(1.88969, 0.1, -1.68969)
(1.89039, 0.1, -1.69039)
(1.8911, 0.1, -1.6911)
(1.89181, 0.1, -1.69181)
(1.89252, 0.1, -1.69252)
(1.89322, 0.1, -1.69322)
(1.89393, 0.1, -1.69393)
(1.89464, 0.1, -1.69464)
(1.89534, 0.1, -1.69534)
(1.89605, 0.1, -1.69605)
(1.89676, 0.1, -1.69676)
(1.89747, 0.1, -1.69747)
(1.89817, 0.1, -1.69817)
(1.89888, 0.1, -1.69888)
(1.89959, 0.1, -1.69959)
(1.90029, 0.1, -1.70029)
(1.901, 0.1, -1.701)
(1.90171, 0.1, -1.70171)
(1.90242, 0.1, -1.70242)
(1.90312, 0.1, -1.70312)
(1.90383, 0.1, -1.70383)
(1.90454, 0.1, -1.70454)
(1.90524, 0.1, -1.70524)
(1.90595, 0.1, -1.70595)
(1.90666, 0.1, -1.70666)
(1.90736, 0.1, -1.70736)
(1.90807, 0.1, -1.70807)
(1.90878, 0.1, -1.70878)
(1.90949, 0.1, -1.70949)
(1.91019, 0.1, -1.71019)
(1.9109, 0.1, -1.7109)
(1.91161, 0.1, -1.71161)
(1.91231, 0.1, -1.71231)
(1.91302, 0.1, -1.71302)
(1.91373, 0.1, -1.71373)
(1.91444, 0.1, -1.71444)
(1.91514, 0.1, -1.71514)
(1.91585, 0.1, -1.71585)
(1.91656, 0.1, -1.71656)
(1.91726, 0.1, -1.71726)
(1.91797, 0.1, -1.71797)
(1.91868, 0.1, -1.71868)
(1.91939, 0.1, -1.71939)
(1.92009, 0.1, -1.72009)
(1.9208, 0.1, -1.7208)
(1.92151, 0.1, -1.72151)
(1.92221, 0.1, -1.72221)
(1.92292, 0.1, -1.72292)
(1.92363, 0.1, -1.72363)
(1.92434, 0.1, -1.72434)
(1.92504, 0.1, -1.72504)
(1.92575, 0.1, -1.72575)
(1.92646, 0.1, -1.72646)
(1.92716, 0.1, -1.72716)
(1.92787, 0.1, -1.72787)
(1.92858, 0.1, -1.72858)
(1.92929, 0.1, -1.72929)
(1.92999, 0.1, -1.72999)
(1.9307, 0.1, -1.7307)
(1.93141, 0.1, -1.73141)
(1.93211, 0.1, -1.73211)
(1.93282, 0.1, -1.73282)
(1.93353, 0.1, -1.73353)
(1.93423, 0.1, -1.73423)
(1.93494, 0.1, -1.73494)
(1.93565, 0.1, -1.73565)
(1.93636, 0.1, -1.73636)
(1.93706, 0.1, -1.73706)
(1.93777, 0.1, -1.73777)
(1.93848, 0.1, -1.73848)
(1.93918, 0.1, -1.73918)
(1.93989, 0.1, -1.73989)
(1.9406, 0.1, -1.7406)
(1.94131, 0.1, -1.74131)
(1.94201, 0.1, -1.74201)
(1.94272, 0.1, -1.74272)
(1.94343, 0.1, -1.74343)
(1.94413, 0.1, -1.74413)
(1.94484, 0.1, -1.74484)
(1.94555, 0.1, -1.74555)
(1.94626, 0.1, -1.74626)
(1.94696, 0.1, -1.74696)
(1.94767, 0.1, -1.74767)
(1.94838, 0.1, -1.74838)
(1.94908, 0.1, -1.74908)
(1.94979, 0.1, -1.74979)
(1.9505, 0.1, -1.7505)
(1.95121, 0.1, -1.75121)
(1.95191, 0.1, -1.75191)
(1.95262, 0.1, -1.75262)
(1.95333, 0.1, -1.75333)
(1.95403, 0.1, -1.75403)
(1.95474, 0.1, -1.75474)
(1.95545, 0.1, -1.75545)
(1.95616, 0.1, -1.75616)
(1.95686, 0.1, -1.75686)
(1.95757, 0.1, -1.75757)
(1.95828, 0.1, -1.75828)
(1.95898, 0.1, -1.75898)
(1.95969, 0.1, -1.75969)
(1.9604, 0.1, -1.7604)
(1.96111, 0.1, -1.76111)
(1.96181, 0.1, -1.76181)
(1.96252, 0.1, -1.76252)
(1.96323, 0.1, -1.76323)
(1.96393, 0.1, -1.76393)
(1.96464, 0.1, -1.76464)
(1.96535, 0.1, -1.76535)
(1.96605, 0.1, -1.76605)
(1.96676, 0.1, -1.76676)
(1.96747, 0.1, -1.76747)
(1.96818, 0.1, -1.76818)
(1.96888, 0.1, -1.76888)
(1.96959, 0.1, -1.76959)
(1.9703, 0.1, -1.7703)
(1.971, 0.1, -1.771)
(1.97171, 0.1, -1.77171)
(1.97242, 0.1, -1.77242)
(1.97313, 0.1, -1.77313)
(1.97383, 0.1, -1.77383)
(1.97454, 0.1, -1.77454)
(1.97525, 0.1, -1.77525)
(1.97595, 0.1, -1.77595)
(1.97666, 0.1, -1.77666)
(1.97737, 0.1, -1.77737)
(1.97808, 0.1, -1.77808)
(1.97878, 0.1, -1.77878)
(1.97949, 0.1, -1.77949)
(1.9802, 0.1, -1.7802)
(1.9809, 0.1, -1.7809)
(1.98161, 0.1, -1.78161)
(1.98232, 0.1, -1.78232)
(1.98303, 0.1, -1.78303)
(1.98373, 0.1, -1.78373)
(1.98444, 0.1, -1.78444)
(1.98515, 0.1, -1.78515)
(1.98585, 0.1, -1.78585)
(1.98656, 0.1, -1.78656)
(1.98727, 0.1, -1.78727)
(1.98798, 0.1, -1.78798)
(1.98868, 0.1, -1.78868)
(1.98939, 0.1, -1.78939)
(1.9901, 0.1, -1.7901)
(1.9908, 0.1, -1.7908)
(1.99151, 0.1, -1.79151)
(1.99222, 0.1, -1.79222)
(1.99292, 0.1, -1.79292)
(1.99363, 0.1, -1.79363)
(1.99434, 0.1, -1.79434)
(1.99505, 0.1, -1.79505)
(1.99575, 0.1, -1.79575)
(1.99646, 0.1, -1.79646)
(1.99717, 0.1, -1.79717)
(1.99787, 0.1, -1.79787)
(1.99858, 0.1, -1.79858)
(1.99929, 0.1, -1.79929)
(2, 0.1, -1.8)
(2, 0.1, -1.8)
